Year,Month,DayofMonth,DayOfWeek,DepTime,CRSDepTime,ArrTime,CRSArrTime,UniqueCarrier,FlightNum,TailNum,ActualElapsedTime,CRSElapsedTime,AirTime,ArrDelay,DepDelay,Origin,Dest,Distance,TaxiIn,TaxiOut,Cancelled,CancellationCode,Diverted,CarrierDelay,WeatherDelay,NASDelay,SecurityDelay,LateAircraftDelay
2008,1,4,5,1818,1740,2038,2010,WN,870,N397SW,140,150,126,28,38,AUS,MDW,972,7,7,0,,0,3,0,0,0,25
2008,1,6,7,1456,1500,1658,1710,WN,113,N732SW,62,70,51,-12,-4,BHM,JAX,365,4,7,0,,0,,,,,
2008,1,6,7,1020,1015,1217,1230,WN,2354,N211WN,297,315,286,-13,5,MCO,LAS,2039,4,7,0,,0,,,,,
2008,1,12,6,1523,1510,1629,1625,WN,679,N408WN,66,75,54,4,13,BWI,MHT,377,3,9,0,,0,,,,,
2008,1,12,6,1358,1400,1508,1515,WN,420,N475WN,70,75,58,-7,-2,LAX,OAK,337,3,9,0,,0,,,,,
2008,1,14,1,1401,1400,1541,1545,WN,3151,N258WN,160,165,146,-4,1,MCO,MDW,989,4,10,0,,0,,,,,
2008,1,18,5,1936,1935,1932,1940,WN,2033,N365SW,56,65,46,-8,1,PHX,SAN,304,3,7,0,,0,,,,,
2008,1,20,7,957,1000,1124,1135,WN,1551,N520SW,147,155,133,-11,-3,AUS,PHX,872,6,8,0,,0,,,,,
2008,1,20,7,1040,1045,1129,1140,WN,110,N462WN,49,55,32,-11,-5,LAS,ONT,197,4,13,0,,0,,,,,
2008,1,22,2,705,700,837,825,WN,1673,N620SW,92,85,75,12,5,MDW,OMA,423,2,15,0,,0,,,,,
2008,1,24,4,1436,1435,1550,1545,WN,1845,N409WN,74,70,58,5,1,BUR,OAK,325,4,12,0,,0,,,,,
2008,1,25,5,1557,1545,2316,2335,WN,2724,N458WN,259,290,242,-19,12,LAS,PVD,2363,4,13,0,,0,,,,,
2008,1,31,4,1543,1520,1808,1730,WN,2891,N366SW,145,130,123,38,23,STL,HOU,687,4,18,0,,0,0,0,15,0,23
2008,1,12,6,650,700,743,752,XE,511,N13553,113,112,91,-9,-10,JAX,MSY,513,7,15,0,,0,,,,,
2008,1,12,6,1124,1130,1252,1304,XE,521,N14907,148,154,135,-12,-6,RDU,MSY,779,5,8,0,,0,,,,,
2008,1,6,7,1030,1025,1141,1131,XE,2482,N12934,71,66,53,10,5,IAH,GPT,376,4,14,0,,0,,,,,
2008,1,21,1,1043,1025,1205,1138,XE,2991,N13903,82,73,53,27,18,IAH,BRO,308,4,25,0,,0,18,0,9,0,0
2008,1,20,7,1440,1450,1641,1638,XE,3021,N36915,121,108,100,3,-10,BHM,IAH,562,11,10,0,,0,,,,,
2008,1,11,5,1810,1820,2009,2019,YV,7150,N444YV,119,119,93,-10,-10,DEN,COD,392,4,22,0,,0,,,,,
2008,1,13,7,1436,1420,1533,1528,YV,7154,N508MJ,117,128,98,5,16,ATL,ORD,606,5,14,0,,0,,,,,
2008,1,20,7,1608,1615,1715,1742,YV,2642,N934FJ,67,87,42,-27,-7,ATL,CLT,227,5,20,0,,0,,,,,
2008,1,16,3,908,908,1153,1149,OH,5033,N798CA,165,161,112,4,0,LGA,SAV,722,5,48,0,,0,,,,,
2008,1,25,5,1410,1415,1437,1445,OH,5630,N510CA,87,90,71,-8,-5,CVG,CID,419,8,8,0,,0,,,,,
2008,1,5,6,1143,1000,1319,1053,OO,5409,N393SW,96,53,30,146,103,LAX,SAN,109,4,62,0,,0,0,146,0,0,0
2008,1,6,7,1819,1715,2201,2052,OO,3888,N869AS,162,157,126,69,64,SLC,XNA,1004,4,32,0,,0,69,0,0,0,0
2008,1,13,7,1755,1755,1908,1905,OO,2704,N507CA,133,130,120,3,0,RDU,MKE,689,4,9,0,,0,,,,,
2008,1,17,4,2144,1716,2320,1855,OO,6001,N926SW,96,99,57,265,268,OMA,ORD,416,21,18,0,,0,0,0,265,0,0
2008,1,18,5,2032,1955,2133,2051,OO,6075,N969SW,61,56,32,42,37,ORD,ATW,160,4,25,0,,0,0,0,0,0,42
2008,1,20,7,1945,1956,2059,2100,OO,5444,N292SW,74,64,53,-1,-11,SBP,SFO,191,14,7,0,,0,,,,,
2008,1,22,2,1453,1455,1745,1805,OO,1992,N810SK,112,130,88,-20,-2,MKE,ATL,669,8,16,0,,0,,,,,
2008,1,24,4,,1814,,1950,OO,5443,N270YV,,96,,,,MFR,SFO,329,,,1,C,0,,,,,
2008,1,30,3,1447,1455,1704,1724,OO,3746,N439SW,77,89,63,-20,-8,PSC,SLC,521,7,7,0,,0,,,,,
2008,1,15,2,1827,1830,2036,2101,UA,127,N823UA,249,271,231,-25,-3,ORD,LAX,1745,7,11,0,,0,,,,,
2008,1,7,1,2000,1900,2130,2032,UA,249,N349UA,90,92,59,58,60,SFO,LAX,337,15,16,0,,0,58,0,0,0,0
2008,1,25,5,813,727,1025,914,UA,372,N383UA,132,107,110,71,46,PDX,SFO,550,3,19,0,,0,0,0,71,0,0
2008,1,28,1,749,630,845,736,UA,401,N928UA,116,126,99,69,79,DFW,DEN,641,5,12,0,,0,69,0,0,0,0
2008,1,27,7,,1356,,1702,UA,408,,,126,,,,PSP,DEN,776,,,1,B,0,,,,,
2008,1,11,5,1335,1341,1600,1603,UA,570,N910UA,85,82,57,-3,-6,ORD,CLE,316,14,14,0,,0,,,,,
2008,1,23,3,1102,1100,1404,1408,UA,678,N932UA,122,128,99,-4,2,ORD,LGA,733,5,18,0,,0,,,,,
2008,1,6,7,1816,1800,2001,1932,UA,723,N330UA,165,152,148,29,16,DEN,SJC,948,4,13,0,,0,16,0,13,0,0
2008,1,6,7,2349,2350,521,511,UA,1610,N477UA,212,201,182,10,-1,DEN,MCO,1545,6,24,0,,0,,,,,
2008,1,4,5,1145,1145,1201,1218,US,1987,N702UW,76,93,59,-17,0,CLT,BNA,329,6,11,0,,0,,,,,
2008,1,9,3,954,1000,1159,1202,US,1030,N418US,125,122,101,-3,-6,FLL,CLT,631,12,12,0,,0,,,,,
2008,1,11,5,1754,1800,1907,1923,US,2182,N722US,73,83,41,-16,-6,DCA,LGA,214,6,26,0,,0,,,,,
2008,1,13,7,1640,1640,1907,1911,US,1435,N123UW,327,331,285,-4,0,CLT,LAX,2125,12,30,0,,0,,,,,
2008,1,21,1,844,830,1027,1026,US,966,N110UW,103,116,91,1,14,PBI,CLT,590,4,8,0,,0,,,,,
2008,1,21,1,816,820,1144,1146,US,1543,N167US,328,326,303,-2,-4,PHL,PHX,2075,4,21,0,,0,,,,,
2008,1,22,2,1754,1610,1857,1730,US,1768,N725UW,63,80,49,87,104,CLT,DCA,331,3,11,0,,0,0,0,0,0,87
2008,1,27,7,1637,1645,1754,1803,US,1880,N456UW,77,78,61,-9,-8,DCA,PVD,357,5,11,0,,0,,,,,
2008,1,21,1,1113,1110,1257,1303,DL,1427,N645DL,104,113,85,-6,3,ATL,FLL,581,3,16,0,,0,,,,,
2008,1,27,7,1643,1644,1746,1759,DL,909,N128DL,63,75,47,-13,-1,JAX,ATL,270,5,11,0,,0,,,,,
2008,1,31,4,1345,1333,1449,1434,EV,4769,N931EV,124,121,89,15,12,ATL,XNA,589,6,29,0,,0,0,0,3,0,12
2008,1,4,5,2154,2153,2203,2200,EV,4917,N716EV,69,67,44,3,1,ATL,VPS,264,7,18,0,,0,,,,,
2008,1,21,1,1104,1056,1439,1426,F9,846,N913FR,155,150,141,13,8,SEA,DEN,1024,4,10,0,,0,,,,,
2008,1,24,4,1115,1120,1428,1435,F9,226,N901FR,133,135,117,-7,-5,SMF,DEN,910,5,11,0,,0,,,,,
2008,1,1,2,622,630,,821,FL,183,N169AT,,111,,,-8,DCA,ATL,547,,14,0,,1,,,,,
2008,1,2,3,815,700,1155,935,FL,257,N954AT,220,155,143,140,75,FNT,MCO,1011,27,50,0,,0,75,0,65,0,0
2008,1,2,3,1223,1223,1935,1916,FL,56,N268AT,252,233,229,19,0,LAX,ATL,1946,12,11,0,,0,0,0,19,0,0
2008,1,5,6,1745,1742,2039,2040,FL,691,N169AT,114,118,91,-1,3,MKE,ATL,669,14,9,0,,0,,,,,
2008,1,7,1,645,630,802,754,FL,805,N894AT,77,84,58,8,15,BWI,BOS,370,10,9,0,,0,,,,,
2008,1,23,3,1221,1226,1238,1244,FL,526,N963AT,77,78,62,-6,-5,ATL,MEM,332,4,11,0,,0,,,,,
2008,1,17,4,1251,1255,1403,1415,MQ,3181,N841AE,72,80,59,-12,-4,SJC,SAN,417,4,9,0,,0,,,,,
2008,1,22,2,1821,1825,1953,1945,MQ,3358,N521AE,92,80,69,8,-4,LIT,DFW,304,14,9,0,,0,,,,,
2008,1,4,5,1110,1105,1229,1230,MQ,3657,N933JN,79,85,62,-1,5,DFW,LRD,394,1,16,0,,0,,,,,
2008,1,25,5,550,555,810,745,MQ,3738,N932AE,200,170,147,25,-5,GSP,DFW,862,12,41,0,,0,0,0,25,0,0
2008,1,22,2,2059,2105,2338,2345,MQ,3901,N854AE,159,160,142,-7,-6,MIA,CMH,990,5,12,0,,0,,,,,
2008,1,15,2,1328,1335,1413,1430,MQ,4268,N612AE,45,55,33,-17,-7,PIA,ORD,130,3,9,0,,0,,,,,
2008,1,22,2,1825,1830,2014,2010,MQ,4393,N825AE,109,100,73,4,-5,ORD,SGF,438,4,32,0,,0,,,,,
2008,1,31,4,1315,1320,1525,1525,MQ,4804,N710TB,130,125,105,0,-5,LGA,CVG,585,5,20,0,,0,,,,,
2008,1,13,7,714,720,1155,1130,NW,586,N511US,221,190,194,25,-6,MSP,MCO,1310,8,19,0,,0,0,0,25,0,0
2008,1,23,3,1457,1507,1623,1620,NW,925,N940N,86,73,48,3,-10,MSN,MSP,228,14,24,0,,0,,,,,
2008,1,2,3,710,700,933,925,NW,1000,N1309T,83,85,65,8,10,MSP,GRR,408,7,11,0,,0,,,,,
2008,1,2,3,1113,1115,1158,1201,NW,1435,N605NW,45,46,27,-3,-2,MSP,LSE,120,7,11,0,,0,,,,,
2008,1,20,7,2227,2232,2320,2317,NW,1761,N759NW,53,45,22,3,-5,DTW,LAN,74,7,24,0,,0,,,,,
2008,1,1,2,640,640,803,750,OH,5493,N810CA,83,70,48,13,0,ALB,JFK,145,12,23,0,,0,,,,,
2008,1,17,4,1404,1335,1604,1530,9E,5742,88849E,120,115,103,34,29,MEM,AUS,559,4,13,0,,0,29,0,5,0,0
2008,1,9,3,,1930,,2058,9E,5778,,,88,,,,MEM,PFN,417,,,1,A,0,,,,,
2008,1,24,4,1428,1415,1623,1600,AA,583,N5CSAA,175,165,149,23,13,MIA,STL,1068,4,22,0,,0,6,0,10,0,7
2008,1,1,2,1625,1630,1845,1835,AA,661,N4YEAA,140,125,110,10,-5,BNA,DFW,631,17,13,0,,0,,,,,
2008,1,20,7,849,850,1313,1325,AA,676,N5CKAA,144,155,123,-12,-1,LAS,DFW,1055,13,8,0,,0,,,,,
2008,1,3,4,835,845,1038,1040,AA,846,N5FGAA,183,175,145,-2,-10,STT,MIA,1107,27,11,0,,0,,,,,
2008,1,24,4,1642,1640,2011,2005,AA,1299,N643AA,149,145,128,6,2,MIA,SJU,1045,4,17,0,,0,,,,,
2008,1,10,4,1224,1225,1315,1325,AA,1526,N4WAAA,51,60,35,-10,-1,AUS,DFW,190,8,8,0,,0,,,,,
2008,1,29,2,,2105,,2230,AA,1659,,,85,,,,ORD,MCI,403,,,1,B,0,,,,,
2008,1,30,3,1129,1130,1429,1445,AA,1726,N4XAAA,120,135,105,-16,-1,DFW,CMH,927,4,11,0,,0,,,,,
2008,1,8,2,2146,2125,2354,2335,AA,2211,N437AA,248,250,220,19,21,DFW,PDX,1616,8,20,0,,0,1,0,0,0,18
2008,1,13,7,1341,1345,1458,1505,AA,2445,N520AA,197,200,174,-7,-4,DFW,LAX,1235,7,16,0,,0,,,,,
2008,1,9,3,1142,1145,1224,1222,AQ,110,N810AL,42,37,20,2,-3,HNL,OGG,100,4,18,0,,0,,,,,
2008,1,20,7,601,610,949,957,AS,712,N626AS,168,167,141,-8,-9,SEA,PHX,1107,5,22,0,,0,,,,,
2008,1,23,3,649,650,846,845,AS,212,N315AS,117,115,90,1,-1,PDX,SFO,550,6,21,0,,0,,,,,
2008,1,5,6,938,920,1045,1049,B6,68,N561JB,67,89,40,-4,18,JFK,SYR,209,3,24,0,,0,,,,,
2008,1,11,5,2143,2145,534,545,B6,216,N653JB,291,300,274,-11,-2,LGB,JFK,2465,4,13,0,,0,,,,,
2008,1,15,2,1153,1200,1452,1510,B6,908,N247JB,119,130,101,-18,-7,ORD,JFK,740,2,16,0,,0,,,,,
2008,1,24,4,1930,1930,2239,2233,CO,639,N11206,189,183,168,6,0,MIA,EWR,1086,5,16,0,,0,,,,,
2008,1,30,3,856,859,1355,1410,CO,1890,N23708,179,191,156,-15,-3,SNA,IAH,1347,5,18,0,,0,,,,,
2008,1,16,3,628,630,824,743,CO,822,N71411,116,73,68,41,-2,MSY,IAH,305,6,42,0,,0,0,0,41,0,0
2008,1,30,3,552,600,853,836,CO,531,N58606,241,216,222,17,-8,BWI,IAH,1235,7,12,0,,0,0,0,17,0,0
2008,1,3,4,946,905,1240,1204,CO,568,N14106,354,359,309,36,41,EWR,LAS,2227,8,37,0,,0,36,0,0,0,0
2008,1,1,2,1019,1017,1125,1128,DL,1296,N658DL,66,71,45,-3,2,JAX,ATL,270,8,13,0,,0,,,,,
2008,1,10,4,1433,1430,1550,1557,DL,1197,N843MH,77,87,57,-7,3,ATL,MCO,403,5,15,0,,0,,,,,
2008,1,11,5,709,715,1002,1014,DL,1146,N943DL,113,119,92,-12,-6,IAH,ATL,689,5,16,0,,0,,,,,
2008,2,11,1,1838,1835,1939,1935,WN,56,N522SW,61,60,50,4,3,HRL,HOU,276,5,6,0,,0,,,,,
2008,2,13,3,627,630,738,740,WN,3862,N281WN,71,70,52,-2,-3,SJC,ONT,333,4,15,0,,0,,,,,
2008,2,17,7,1438,1355,1713,1635,WN,3516,N499WN,95,100,82,38,43,SAN,ELP,636,5,8,0,,0,5,0,0,0,33
2008,2,21,4,2003,1940,2124,2100,WN,814,N428WN,81,80,69,24,23,SNA,OAK,371,5,7,0,,0,0,0,1,0,23
2008,2,23,6,912,850,1138,1150,WN,3861,N279WN,266,300,248,-12,22,BWI,SLC,1864,5,13,0,,0,,,,,
2008,2,23,6,1844,1800,2003,1915,WN,680,N482WN,79,75,64,48,44,LAX,OAK,337,4,11,0,,0,0,0,4,0,44
2008,2,24,7,958,955,1149,1200,WN,1618,N758SW,111,125,99,-11,3,MCO,BWI,787,3,9,0,,0,,,,,
2008,2,10,7,1709,1605,1815,1715,XE,2473,N14938,66,70,53,60,64,BTR,IAH,253,4,9,0,,0,60,0,0,0,0
2008,2,8,5,1252,1250,1611,1627,XE,2105,N12157,139,157,125,-16,2,IAH,GRR,1042,5,9,0,,0,,,,,
2008,2,10,7,1928,1905,2104,2025,XE,1216,N16501,96,80,48,39,23,CLE,DCA,310,7,41,0,,0,23,0,16,0,0
2008,2,9,6,618,625,723,734,XE,3066,N14942,65,69,48,-11,-7,RIC,EWR,278,9,8,0,,0,,,,,
2008,2,28,4,1313,1310,1430,1422,XE,2642,N16541,77,72,48,8,3,EWR,ROC,246,6,23,0,,0,,,,,
2008,2,29,5,1240,1235,1336,1317,XE,2518,N14508,56,42,25,19,5,CLE,CMH,112,10,21,0,,0,0,0,19,0,0
2008,2,25,1,842,845,1055,1049,XE,2625,N13968,193,184,133,6,-3,EWR,BHM,850,4,56,0,,0,,,,,
2008,2,23,6,1412,1410,1611,1617,XE,2479,N15527,119,127,106,-6,2,IAH,DSM,802,4,9,0,,0,,,,,
2008,2,4,1,605,600,830,831,YV,2720,N927LR,85,91,64,-1,5,SBA,PHX,455,11,10,0,,0,,,,,
2008,2,5,2,1215,1150,1335,1320,YV,2620,N917FJ,80,90,51,15,25,CLT,IAD,321,8,21,0,,0,0,0,15,0,0
2008,2,10,7,930,930,1138,1115,YV,7496,N77181,128,105,82,23,0,BNA,ORD,409,5,41,0,,0,0,0,23,0,0
2008,2,9,6,1955,2000,2025,2040,OH,5015,N940CA,30,40,15,-15,-5,CVG,LEX,70,5,10,0,,0,,,,,
2008,2,28,4,855,855,1054,1031,OH,5286,N420CA,119,96,82,23,0,CVG,SYR,527,9,28,0,,0,0,0,23,0,0
2008,2,4,1,944,930,1031,1020,OO,5762,N235SW,47,50,34,11,14,RDM,PDX,116,3,10,0,,0,,,,,
2008,2,18,1,1117,1119,1231,1229,OO,6527,N944SW,134,130,110,2,-2,BOI,LAX,674,11,13,0,,0,,,,,
2008,2,20,3,1419,1414,1559,1554,OO,3934,N441SW,160,160,139,5,5,TUL,SLC,926,8,13,0,,0,,,,,
2008,2,22,5,1107,1000,1442,1331,OO,6628,N776SK,155,151,131,71,67,DEN,BHM,1082,3,21,0,,0,71,0,0,0,0
2008,2,28,4,1511,1515,1735,1744,OO,3746,N448SW,84,89,69,-9,-4,PSC,SLC,521,5,10,0,,0,,,,,
2008,2,26,2,1631,1636,1816,1831,UA,106,N203UA,45,55,27,-15,-5,ORD,GRR,137,4,14,0,,0,,,,,
2008,2,14,4,1128,1115,1241,1205,UA,576,N429UA,73,50,34,36,13,DEN,EGE,121,6,33,0,,0,13,0,23,0,0
2008,2,27,3,853,900,1133,1145,UA,606,N301UA,100,105,86,-12,-7,ORD,DCA,612,2,12,0,,0,,,,,
2008,2,27,3,1723,1725,1926,1954,UA,645,N805UA,243,269,227,-28,-2,ORD,SNA,1726,5,11,0,,0,,,,,
2008,2,25,1,,1720,,1906,UA,651,,,166,,,,EWR,ORD,719,,,1,C,0,,,,,
2008,2,28,4,1059,1101,1224,1229,UA,682,N925UA,85,88,67,-5,-2,MCI,ORD,403,4,14,0,,0,,,,,
2008,2,29,5,1452,1432,1619,1601,UA,1165,N346UA,87,89,71,18,20,DEN,BIL,455,3,13,0,,0,11,0,0,0,7
2008,2,16,6,1527,1526,1719,1730,UA,1187,N365UA,112,124,98,-11,1,SEA,SFO,679,5,9,0,,0,,,,,
2008,2,28,4,1101,1100,1406,1412,UA,1462,N841UA,125,132,107,-6,1,RNO,DEN,804,4,14,0,,0,,,,,
2008,2,2,6,908,910,1208,1202,UA,1477,N488UA,240,232,209,6,-2,ORD,PHX,1440,6,25,0,,0,,,,,
2008,2,2,6,2344,2345,511,534,US,305,N904AW,207,229,183,-23,-1,PHX,CLT,1774,7,17,0,,0,,,,,
2008,2,12,2,1904,1745,2052,1937,US,1056,N102UW,108,112,89,75,79,CLT,PBI,590,4,15,0,,0,0,0,0,0,75
2008,2,15,5,1105,1110,1329,1340,US,476,N662AW,204,210,177,-11,-5,MSP,PHX,1276,5,22,0,,0,,,,,
2008,2,18,1,1354,1400,1656,1523,US,2174,N700UW,182,83,47,93,-6,DCA,LGA,214,10,125,0,,0,0,0,93,0,0
2008,2,23,6,1134,1115,1151,1139,US,1551,N183UW,77,84,52,12,19,PHX,SAN,304,12,13,0,,0,,,,,
2008,2,25,1,2203,2124,2337,2301,US,99,N664AW,274,277,226,36,39,DTW,LAS,1750,10,38,0,,0,36,0,0,0,0
2008,2,17,7,627,630,1336,1341,DL,720,N67171,249,251,223,-5,-3,SAN,ATL,1891,9,17,0,,0,,,,,
2008,2,17,7,708,715,917,930,DL,934,N385DN,69,75,49,-13,-7,PNS,ATL,272,7,13,0,,0,,,,,
2008,2,23,6,1319,1319,1604,1615,DL,1471,N641DL,105,116,87,-11,0,SEA,SLC,689,5,13,0,,0,,,,,
2008,2,26,2,2255,2255,602,601,DL,1566,N1402A,247,246,220,1,0,LAX,ATL,1946,6,21,0,,0,,,,,
2008,2,29,5,1229,1230,1416,1426,DL,561,N967DL,107,116,85,-10,-1,IAD,ATL,533,7,15,0,,0,,,,,
2008,2,12,2,,1210,,1402,EV,4242,N914EV,,112,,,,CLE,ATL,554,,,1,B,0,,,,,
2008,2,26,2,,1859,,1913,EV,4495,N907EV,,74,,,,ATL,VPS,264,,,1,A,0,,,,,
2008,2,4,1,1701,1635,1918,1836,EV,4798,N723EV,137,121,102,42,26,CVG,EWR,569,7,28,0,,0,0,0,42,0,0
2008,2,18,1,1653,1647,1903,1855,F9,673,N902FR,250,248,231,8,6,MCO,DEN,1545,5,14,0,,0,,,,,
2008,2,1,5,1450,1246,1720,1507,FL,621,N173AT,150,141,126,133,124,MCO,PHL,861,11,13,0,,0,0,0,133,0,0
2008,2,15,5,1407,1411,1532,1540,FL,122,N952AT,85,89,65,-8,-4,TPA,ATL,406,7,13,0,,0,,,,,
2008,2,19,2,1611,1600,1723,1712,FL,504,N933AT,132,132,119,11,11,ATL,MCI,692,4,9,0,,0,,,,,
2008,2,21,4,1359,1305,1538,1450,MQ,3829,N657AE,99,105,82,48,54,DFW,PNS,604,3,14,0,,0,0,14,0,0,34
2008,2,23,6,1526,1415,1812,1710,MQ,4139,N618AE,106,115,90,62,71,ORD,RIC,642,4,12,0,,0,3,0,0,0,59
2008,2,3,7,654,700,824,810,MQ,4162,N692AE,150,130,99,14,-6,GSP,ORD,577,39,12,0,,0,,,,,
2008,2,13,3,,1825,,2035,MQ,4392,,,190,,,,JFK,ORD,740,,,1,C,0,,,,,
2008,2,21,4,1333,1335,1439,1500,MQ,4790,N727AE,66,85,37,-21,-2,DCA,LGA,214,8,21,0,,0,,,,,
2008,2,11,1,707,711,918,919,NW,659,N915RW,131,128,95,-1,-4,EWR,DTW,487,13,23,0,,0,,,,,
2008,2,20,3,2212,2215,530,551,NW,806,N596NW,318,336,290,-21,-3,HNL,SEA,2677,7,21,0,,0,,,,,
2008,2,19,2,651,650,755,756,NW,927,N332NB,64,66,42,-1,1,MSN,MSP,228,11,11,0,,0,,,,,
2008,2,20,3,1336,1340,1619,1632,NW,956,N344NB,103,112,84,-13,-4,MEM,MCO,683,5,14,0,,0,,,,,
2008,2,18,1,1015,1013,1346,1345,NW,1426,N967N,151,152,130,1,2,MSP,ATL,906,7,14,0,,0,,,,,
2008,2,24,7,1203,1205,1413,1411,NW,1445,N753NW,130,126,97,2,-2,PVD,DTW,614,7,26,0,,0,,,,,
2008,2,27,3,909,912,1019,1027,NW,1557,N785NC,70,75,46,-8,-3,DTW,IND,231,8,16,0,,0,,,,,
2008,2,18,1,925,930,1226,1235,9E,2021,91469E,121,125,95,-9,-5,IAH,ATL,689,6,20,0,,0,,,,,
2008,2,17,7,1851,1720,2336,1909,9E,2029,91619E,285,109,107,267,91,PIT,ATL,526,136,42,0,,0,0,0,267,0,0
2008,2,12,2,1750,1755,2020,2035,9E,4719,80259E,90,100,62,-15,-5,MCI,IND,451,14,14,0,,0,,,,,
2008,2,2,6,1335,1340,1432,1445,9E,5691,88009E,117,125,99,-13,-5,SDF,MSP,603,7,11,0,,0,,,,,
2008,2,18,1,1333,1335,1526,1530,9E,5742,88969E,113,115,97,-4,-2,MEM,AUS,559,4,12,0,,0,,,,,
2008,2,1,5,1700,1705,1831,1834,9E,5882,88289E,91,89,67,-3,-5,LEX,DTW,296,17,7,0,,0,,,,,
2008,2,13,3,705,710,905,840,9E,5921,87839E,180,150,108,25,-5,PIT,MEM,652,9,63,0,,0,0,0,25,0,0
2008,2,8,5,1038,800,1349,1130,AA,300,N574AA,131,150,119,139,158,DFW,RDU,1062,4,8,0,,0,139,0,0,0,0
2008,2,2,6,1047,1045,1403,1400,AA,304,N4WUAA,136,135,125,3,2,DFW,TPA,929,3,8,0,,0,,,,,
2008,2,12,2,1856,1850,2046,2045,AA,463,N467AA,230,235,208,1,6,DFW,SFO,1464,6,16,0,,0,,,,,
2008,2,24,7,1622,1625,1948,1955,AA,472,N474AA,146,150,118,-7,-3,SLC,DFW,988,14,14,0,,0,,,,,
2008,2,13,3,636,635,919,920,AA,496,N528AA,103,105,89,-1,1,ORD,DCA,612,3,11,0,,0,,,,,
2008,2,22,5,646,605,1242,1150,AA,1288,N5FLAA,236,225,215,52,41,SEA,ORD,1721,5,16,0,,0,41,0,11,0,0
2008,2,18,1,1120,1120,1431,1420,AA,1359,N584AA,131,120,88,11,0,ORD,ATL,606,25,18,0,,0,,,,,
2008,2,2,6,1138,1140,1430,1430,AA,1642,N560AA,112,110,88,0,-2,STL,DCA,719,14,10,0,,0,,,,,
2008,2,19,2,722,730,1026,1035,AA,1660,N4XTAA,124,125,106,-9,-8,DFW,IND,762,7,11,0,,0,,,,,
2008,2,11,1,948,955,1500,1450,AA,1848,N208AA,192,175,160,10,-7,SAN,DFW,1171,14,18,0,,0,,,,,
2008,2,26,2,1733,1730,2026,2035,AA,1893,N3ADAA,233,245,214,-9,3,BDL,DFW,1471,8,11,0,,0,,,,,
2008,2,8,5,1624,1535,1956,1850,AA,1930,N5DFAA,212,195,153,66,49,MIA,BOS,1258,26,33,0,,0,0,33,17,0,16
2008,2,25,1,650,650,704,715,AA,2079,N570AA,74,85,52,-11,0,DTW,ORD,235,13,9,0,,0,,,,,
2008,2,17,7,,1825,,2050,AA,2368,,,145,,,,DFW,ORD,802,,,1,C,0,,,,,
2008,2,10,7,2130,2138,600,635,AS,130,N560AS,330,357,311,-35,-8,ANC,ORD,2846,7,12,0,,0,,,,,
2008,2,15,5,1116,1125,1306,1314,AS,406,N648AS,110,109,81,-8,-9,PDX,SFO,550,9,20,0,,0,,,,,
2008,2,1,5,1201,1210,1458,1503,B6,823,N229JB,177,173,151,-5,-9,JFK,MCO,944,8,18,0,,0,,,,,
2008,2,7,4,2013,2005,2254,2300,B6,428,N591JB,161,175,139,-6,8,PBI,BOS,1197,6,16,0,,0,,,,,
2008,2,21,4,1331,1325,1602,1609,B6,834,N636JB,151,164,137,-7,6,PBI,JFK,1028,2,12,0,,0,,,,,
2008,2,25,1,656,700,1152,1159,B6,701,N559JB,236,239,198,-7,-4,JFK,SJU,1597,11,27,0,,0,,,,,
2008,2,9,6,2147,2150,449,500,CO,12,N69059,302,310,282,-11,-3,HNL,LAX,2556,7,13,0,,0,,,,,
2008,2,25,1,734,730,1059,1029,CO,216,N70352,205,179,166,30,4,IAH,MSP,1034,6,33,0,,0,0,0,30,0,0
2008,2,16,6,1142,1152,1719,1718,CO,128,N18220,217,206,203,1,-10,RNO,IAH,1530,6,8,0,,0,,,,,
2008,2,9,6,835,835,1016,1045,DL,970,N6708D,101,130,84,-29,0,ATL,PHL,665,3,14,0,,0,,,,,
2008,2,13,3,1004,1010,1556,1551,DL,778,N915DN,232,221,199,5,-6,SLC,PIT,1659,11,22,0,,0,,,,,
2008,2,13,3,1807,1808,2039,2011,DL,1269,N985DL,152,123,125,28,-1,ORF,ATL,516,12,15,0,,0,0,0,28,0,0
2008,3,3,1,1819,1810,1920,1910,WN,114,N478WN,61,60,50,10,9,DAL,SAT,248,4,7,0,,0,,,,,
2008,3,3,1,920,920,1200,1210,WN,1500,N437WN,220,230,203,-10,0,MDW,PHX,1444,5,12,0,,0,,,,,
2008,3,8,6,1706,1550,1913,1825,WN,3345,N759GS,127,155,108,48,76,MCO,PHL,861,6,13,0,,0,0,0,3,0,45
2008,3,9,7,1636,1640,2355,5,WN,521,N786SW,259,265,234,-10,-4,LAS,RDU,2027,4,21,0,,0,,,,,
2008,3,13,4,1835,1835,1934,1935,WN,557,N337SW,59,60,38,-1,0,FLL,TPA,197,3,18,0,,0,,,,,
2008,3,16,7,1415,1415,1735,1740,WN,67,N236WN,140,145,126,-5,0,AUS,MCO,993,6,8,0,,0,,,,,
2008,3,17,1,1000,940,1101,1035,WN,114,N508SW,61,55,51,26,20,MCI,TUL,223,2,8,0,,0,0,0,6,0,20
2008,3,18,2,1541,1440,1629,1530,WN,40,N646SW,48,50,36,59,61,CRP,HOU,187,6,6,0,,0,5,0,0,0,54
2008,3,19,3,1053,1040,1319,1250,WN,2701,N638SW,146,130,127,29,13,IND,MCO,828,7,12,0,,0,1,0,16,0,12
2008,3,21,5,2010,2010,2252,2255,WN,1242,N461WN,162,165,150,-3,0,ISP,PBI,1052,3,9,0,,0,,,,,
2008,3,23,7,1338,1335,1530,1540,WN,2284,N371SW,52,65,45,-10,3,PDX,BOI,344,2,5,0,,0,,,,,
2008,3,28,5,1217,1215,1447,1440,WN,8,N399WN,150,145,123,7,2,LAS,PDX,762,4,23,0,,0,,,,,
2008,3,30,7,1114,1105,1255,1235,WN,2203,N384SW,101,90,75,20,9,SLC,ABQ,493,3,23,0,,0,7,0,11,0,2
2008,3,10,1,1112,1105,1355,1349,XE,531,N11193,103,104,87,6,7,ABQ,AUS,619,5,11,0,,0,,,,,
2008,3,13,4,820,820,1007,957,XE,7673,N12167,167,157,148,10,0,OKC,SLC,866,7,12,0,,0,,,,,
2008,3,6,4,707,712,1034,1040,XE,3096,N11119,147,148,131,-6,-5,IAH,PBI,956,4,12,0,,0,,,,,
2008,3,16,7,1953,1920,2236,2158,XE,2848,N13955,163,158,121,38,33,IAH,MKE,984,4,38,0,,0,33,0,5,0,0
2008,3,7,5,1023,959,1129,1100,XE,2092,N14937,66,61,41,29,24,IAH,BTR,253,6,19,0,,0,24,0,5,0,0
2008,3,4,2,2103,1955,7,2208,XE,2276,N13997,184,133,102,119,68,CVG,EWR,569,12,70,0,,0,0,0,119,0,0
2008,3,24,1,1248,1255,1406,1424,XE,2647,N12567,78,89,46,-18,-7,SYR,EWR,194,6,26,0,,0,,,,,
2008,3,1,6,1638,1640,1824,1831,YV,2665,N903FJ,106,111,79,-7,-2,CLT,SRQ,547,7,20,0,,0,,,,,
2008,3,7,5,1426,1310,1506,1407,YV,7088,N75995,40,57,29,59,76,ORD,GRB,174,3,8,0,,0,59,0,0,0,0
2008,3,9,7,840,845,1130,1140,YV,2951,N988HA,110,115,90,-10,-5,PHX,TEX,387,4,16,0,,0,,,,,
2008,3,16,7,1438,1438,1535,1540,YV,2694,N913FJ,57,62,27,-5,0,CLT,RDU,130,13,17,0,,0,,,,,
2008,3,18,2,1132,1135,1223,1224,YV,1036,N654BR,51,49,35,-1,-3,HNL,ITO,216,3,13,0,,0,,,,,
2008,3,28,5,1323,1324,1406,1409,YV,7074,N456YV,43,45,27,-3,-1,COS,DEN,72,6,10,0,,0,,,,,
2008,3,7,5,1645,1647,1734,1734,OO,6652,N760SK,49,47,23,0,-2,DEN,ASE,125,2,24,0,,0,,,,,
2008,3,13,4,1256,1252,1342,1346,OO,5433,N227SW,46,54,33,-4,4,LAX,PSP,110,4,9,0,,0,,,,,
2008,3,13,4,1152,1155,1247,1249,OO,6459,N934SW,55,54,30,-2,-3,ORD,ATW,160,5,20,0,,0,,,,,
2008,3,17,1,1744,1630,1930,1820,OO,2933,N984CA,106,110,85,70,74,AUS,MCI,650,10,11,0,,0,70,0,0,0,0
2008,3,21,5,1702,1659,2208,2216,OO,6132,N753SK,186,197,167,-8,3,LAX,DSM,1447,5,14,0,,0,,,,,
2008,3,22,6,1850,1900,1950,2005,OO,3695,N565SW,60,65,46,-15,-10,SUN,SLC,223,6,8,0,,0,,,,,
2008,3,23,7,1344,1332,1512,1456,UA,65,N817UA,88,84,59,16,12,SNA,SFO,372,5,24,0,,0,0,0,8,0,8
2008,3,30,7,1239,1245,1350,1349,UA,617,N419UA,131,124,110,1,-6,DCA,ORD,612,9,12,0,,0,,,,,
2008,3,16,7,2146,2000,2319,2135,UA,715,N585UA,153,155,115,104,106,DEN,LAX,862,5,33,0,,0,6,0,0,0,98
2008,3,13,4,818,820,1114,1102,UA,867,N503UA,356,342,322,12,-2,IAD,LAX,2288,15,19,0,,0,,,,,
2008,3,14,5,1104,1036,1410,1355,UA,1240,N304UA,126,139,110,15,28,SMF,DEN,910,5,11,0,,0,6,0,0,0,9
2008,3,2,7,2112,2115,2217,2228,US,1712,N757UW,65,73,48,-11,-3,DCA,SYR,298,3,14,0,,0,,,,,
2008,3,7,5,715,700,854,829,US,1288,N420US,99,89,79,25,15,PIT,LGA,335,10,10,0,,0,15,0,10,0,0
2008,3,10,1,1356,1357,1633,1647,US,90,N166AW,157,170,142,-14,-1,PHX,PDX,1009,3,12,0,,0,,,,,
2008,3,12,3,1154,1200,1716,1700,US,303,N661AW,202,180,183,16,-6,DEN,CLT,1337,8,11,0,,0,0,0,16,0,0
2008,3,14,5,555,600,626,619,US,79,N168AW,91,79,64,7,-5,ABQ,PHX,328,6,21,0,,0,,,,,
2008,3,20,4,1754,1800,1915,1942,US,2045,N740UW,81,102,64,-27,-6,BOS,DCA,399,5,12,0,,0,,,,,
2008,3,28,5,1340,1340,1455,1455,US,638,N832AW,75,75,50,0,0,PHX,ONT,325,5,20,0,,0,,,,,
2008,3,1,6,1240,1240,1338,1340,WN,1550,N350SW,58,60,45,-2,0,STL,MCI,237,4,9,0,,0,,,,,
2008,3,18,2,702,705,1537,1535,DL,148,N6708D,335,330,291,2,-3,SFO,JFK,2586,23,21,0,,0,,,,,
2008,3,26,3,704,710,901,850,DL,1708,N642DL,117,100,81,11,-6,SRQ,ATL,445,25,11,0,,0,,,,,
2008,3,27,4,2040,2000,2112,2045,DL,1555,N905DL,92,105,75,27,40,ATL,STL,483,5,12,0,,0,27,0,0,0,0
2008,3,28,5,1532,1535,1703,1703,DL,513,N639DL,91,88,62,0,-3,ATL,TPA,406,5,24,0,,0,,,,,
2008,3,30,7,2144,2010,2308,2144,DL,1096,N903DE,84,94,60,84,94,ATL,DAY,432,9,15,0,,0,32,0,0,0,52
2008,3,14,5,2015,2000,2125,2116,EV,4321,N975EV,70,76,52,9,15,ATL,ILM,377,3,15,0,,0,,,,,
2008,3,31,1,1856,1825,2114,2034,EV,4434,N750EV,78,69,53,40,31,PNS,ATL,272,13,12,0,,0,31,0,9,0,0
2008,3,26,3,1451,1450,1711,1705,EV,4750,N934EV,140,135,109,6,1,ATL,ISP,795,3,28,0,,0,,,,,
2008,3,24,1,1110,1113,1214,1209,FL,338,N279AT,124,116,96,5,-3,ATL,MLI,633,4,24,0,,0,,,,,
2008,3,24,1,941,946,1044,1055,FL,570,N963AT,63,69,44,-11,-5,JAX,ATL,270,9,10,0,,0,,,,,
2008,3,31,1,2323,2255,19,2355,FL,579,N997AT,56,60,39,24,28,ATL,CHS,259,9,8,0,,0,24,0,0,0,0
2008,3,18,2,2029,2035,2054,2109,HA,555,N476HA,25,34,19,-15,-6,OGG,HNL,100,2,4,0,,0,,,,,
2008,3,10,1,1159,1203,1314,1305,MQ,3276,N250AE,75,62,43,9,-4,ABI,DFW,158,27,5,0,,0,,,,,
2008,3,21,5,1822,1831,2016,2030,MQ,3292,N219AE,114,119,94,-14,-9,LFT,DFW,351,10,10,0,,0,,,,,
2008,3,13,4,1653,1700,1751,1805,MQ,3694,N620AE,58,65,41,-14,-7,FSM,DFW,228,10,7,0,,0,,,,,
2008,3,21,5,,1300,,1430,MQ,4144,,,90,,,,OMA,ORD,416,,,1,B,0,,,,,
2008,3,2,7,1521,1525,1612,1620,MQ,4181,N632AE,51,55,36,-8,-4,ORD,GRB,174,3,12,0,,0,,,,,
2008,3,29,6,648,648,850,834,NW,390,N924RW,122,106,91,16,0,ORD,MEM,491,9,22,0,,0,0,0,16,0,0
2008,3,15,6,1131,1135,1216,1230,NW,753,N363NB,105,115,83,-14,-4,DTW,MSP,528,8,14,0,,0,,,,,
2008,3,20,4,711,716,1032,1053,NW,1428,N915RW,141,157,112,-21,-5,MSP,ATL,906,9,20,0,,0,,,,,
2008,3,14,5,1555,1532,1629,1625,9E,2990,80139E,94,113,76,4,23,DTW,RST,477,4,14,0,,0,,,,,
2008,3,23,7,1744,1715,1818,1753,9E,5746,88559E,94,98,74,25,29,GSP,MEM,441,7,13,0,,0,0,0,0,0,25
2008,3,21,5,1428,1425,1743,1745,AA,676,N616AA,135,140,116,-2,3,DFW,MCO,984,5,14,0,,0,,,,,
2008,3,12,3,1254,1255,1526,1525,AA,788,N3CTAA,152,150,135,1,-1,MIA,STX,1139,5,12,0,,0,,,,,
2008,3,24,1,559,600,853,840,AA,1124,N3BEAA,114,100,92,13,-1,MSY,MIA,674,7,15,0,,0,,,,,
2008,3,1,6,717,720,1113,1130,AA,1146,N298AA,176,190,150,-17,-3,SLC,ORD,1249,11,15,0,,0,,,,,
2008,3,1,6,1119,1120,1224,1225,AA,1168,N501AA,65,65,48,-1,-1,SAT,DFW,247,10,7,0,,0,,,,,
2008,3,18,2,941,945,1144,1200,AA,2370,N534AA,123,135,99,-16,-4,ATL,LGA,761,6,18,0,,0,,,,,
2008,3,6,4,932,940,1024,1039,AS,81,N799AS,52,59,39,-15,-8,ANC,FAI,261,3,10,0,,0,,,,,
2008,3,12,3,1147,1120,1247,1221,AS,194,N774AS,60,61,47,26,27,FAI,ANC,261,3,10,0,,0,0,0,0,0,26
2008,3,13,4,1024,1025,1243,1248,AS,436,N975AS,139,143,111,-5,-1,PDX,LAX,834,8,20,0,,0,,,,,
2008,3,27,4,2226,2230,656,715,AS,854,N559AS,330,345,308,-19,-4,LIH,SEA,2701,5,17,0,,0,,,,,
2008,3,7,5,2041,1800,5,2100,B6,378,N663JB,204,180,130,185,161,FLL,LGA,1076,51,23,0,,0,0,0,173,0,12
2008,3,10,1,1308,1300,2137,2126,CO,549,N14219,329,326,304,11,8,SFO,EWR,2565,10,15,0,,0,,,,,
2008,3,1,6,1636,1635,1840,1848,DL,1135,N902DA,244,253,221,-8,1,CLE,SLC,1565,6,17,0,,0,,,,,
2008,3,4,2,1815,1620,1948,1805,DL,466,N909DE,93,105,78,103,115,ATL,DCA,547,5,10,0,,0,103,0,0,0,0
2008,3,9,7,1425,1430,1616,1613,DL,1829,N131DN,111,103,87,3,-5,ATL,FLL,581,5,19,0,,0,,,,,
2008,3,11,2,1915,1915,2107,2118,DL,41,N135DL,292,303,245,-11,0,ATL,LAX,1946,22,25,0,,0,,,,,
2008,3,17,1,703,705,1422,1420,DL,1625,N3743H,259,255,239,2,-2,LAX,CVG,1900,6,14,0,,0,,,,,
2008,4,13,7,1713,1630,1819,1740,WN,988,N453WN,66,70,52,39,43,SNA,PHX,338,5,9,0,,0,0,0,0,0,39
2008,4,18,5,1056,1055,1221,1225,WN,114,N508SW,85,90,73,-4,1,TUL,HOU,453,3,9,0,,0,,,,,
2008,4,20,7,1400,1405,1509,1515,WN,432,N785SW,189,190,176,-6,-5,MCI,LAS,1140,4,9,0,,0,,,,,
2008,4,20,7,1522,1450,1823,1745,WN,570,N914WN,181,175,155,38,32,MCO,MHT,1142,3,23,0,,0,0,0,6,0,32
2008,4,25,5,1937,1915,2133,2050,WN,396,N743SW,116,95,75,43,22,DAL,STL,546,6,35,0,,0,0,22,21,0,0
2008,4,25,5,713,710,820,825,WN,152,N273WN,67,75,56,-5,3,OAK,ONT,361,3,8,0,,0,,,,,
2008,4,27,7,1801,1800,22,15,WN,378,N297WN,201,195,183,7,1,PHX,IND,1489,6,12,0,,0,,,,,
2008,4,30,3,1806,1805,1928,1935,WN,28,N303SW,82,90,68,-7,1,LAS,SJC,386,3,11,0,,0,,,,,
2008,4,16,3,1708,1710,1811,1823,XE,619,N14562,123,133,110,-12,-2,RDU,MSY,779,4,9,0,,0,,,,,
2008,4,22,2,1645,1638,1816,1820,XE,3029,N12519,91,102,76,-4,7,PNS,IAH,489,6,9,0,,0,,,,,
2008,4,6,7,1506,1440,1708,1649,XE,2786,N34110,182,189,167,19,26,PIT,IAH,1117,6,9,0,,0,6,0,0,0,13
2008,4,26,6,957,958,1101,1059,YV,7084,N448YV,64,61,49,2,-1,EGE,DEN,121,7,8,0,,0,,,,,
2008,4,4,5,1309,1309,1539,1546,OO,5846,N983SW,90,97,74,-7,0,DEN,BIS,517,3,13,0,,0,,,,,
2008,4,23,3,1342,1340,1442,1436,OO,3914,N459SW,120,116,101,6,2,SLC,LAX,590,3,16,0,,0,,,,,
2008,4,29,2,822,830,923,940,OO,2751,N986CA,61,70,48,-17,-8,MKE,DSM,311,5,8,0,,0,,,,,
2008,4,16,3,949,950,1052,1106,OO,3894,N815SK,123,136,90,-14,-1,ATL,ORD,606,6,27,0,,0,,,,,
2008,4,25,5,953,940,1300,1300,UA,177,N545UA,367,380,350,0,13,BOS,SFO,2704,4,13,0,,0,,,,,
2008,4,13,7,1726,1730,1939,2001,UA,357,N942UA,133,151,117,-22,-4,ORD,DFW,802,7,9,0,,0,,,,,
2008,4,16,3,1952,1915,2216,2155,UA,462,N925UA,84,100,68,21,37,ORD,ROC,528,3,13,0,,0,11,0,0,0,10
2008,4,6,7,1326,1321,1909,1930,UA,1244,N825UA,223,249,208,-21,5,SJC,ORD,1829,5,10,0,,0,,,,,
2008,4,24,4,628,640,707,721,UA,1245,N494UA,99,101,84,-14,-12,MCI,DEN,533,5,10,0,,0,,,,,
2008,4,13,7,656,700,915,926,UA,1429,N444UA,259,266,235,-11,-4,FLL,DEN,1703,9,15,0,,0,,,,,
2008,4,26,6,1024,1030,1222,1240,UA,1559,N440UA,118,130,101,-18,-6,IAD,MCO,758,5,12,0,,0,,,,,
2008,4,1,2,1016,950,1413,1253,US,1005,N404US,177,123,86,80,26,ORD,PHL,678,4,87,0,,0,0,0,80,0,0
2008,4,14,1,1436,1440,1637,1637,US,1781,N190UW,121,117,85,0,-4,LGA,CLT,544,6,30,0,,0,,,,,
2008,4,1,2,1900,1900,2108,2105,WN,405,N379SW,128,125,113,3,0,PDX,LAS,762,3,12,0,,0,,,,,
2008,4,2,3,1400,1400,1420,1415,WN,1589,N305SW,80,75,61,5,0,ABQ,PHX,328,6,13,0,,0,,,,,
2008,4,19,6,1406,1406,1502,1510,DL,817,N623DL,56,64,38,-8,0,ATL,SAV,215,6,12,0,,0,,,,,
2008,4,19,6,656,700,934,949,DL,1842,N984DL,158,169,137,-15,-4,PBI,LGA,1035,8,13,0,,0,,,,,
2008,4,20,7,1950,1954,1948,1949,DL,1634,N955DL,58,55,31,-1,-4,ATL,HSV,151,5,22,0,,0,,,,,
2008,4,21,1,2241,2245,2334,2342,DL,687,N906DL,53,57,34,-8,-4,ATL,SAV,215,7,12,0,,0,,,,,
2008,4,19,6,1722,1729,1840,1852,EV,4392,N924EV,78,83,56,-12,-7,ATL,SDF,321,8,14,0,,0,,,,,
2008,4,2,3,1516,1515,1708,1720,EV,4753,N931EV,112,125,92,-12,1,MDT,ATL,619,8,12,0,,0,,,,,
2008,4,30,3,702,700,748,748,F9,823,N918FR,106,108,87,0,2,MCI,DEN,533,10,9,0,,0,,,,,
2008,4,1,2,810,810,846,835,FL,473,N893AT,96,85,72,11,0,ATL,MSY,425,5,19,0,,0,,,,,
2008,4,4,5,2400,2115,133,2257,FL,196,N975AT,93,102,73,156,165,ATL,DCA,547,4,16,0,,0,0,0,0,0,156
2008,4,4,5,1147,1133,1515,1429,FL,680,N991AT,208,176,174,46,14,FLL,HPN,1098,7,27,0,,0,14,0,32,0,0
2008,4,9,3,900,900,1026,1035,FL,791,N981AT,146,155,133,-9,0,MCO,STL,880,4,9,0,,0,,,,,
2008,4,12,6,1113,1100,1345,1355,FL,631,N991AT,152,175,132,-10,13,MCO,BOS,1121,8,12,0,,0,,,,,
2008,4,29,2,1430,1436,1613,1620,FL,900,N895AT,103,104,85,-7,-6,PHF,ATL,508,9,9,0,,0,,,,,
2008,4,13,7,1749,1755,1822,1825,HA,240,N478HA,33,30,21,-3,-6,LIH,HNL,102,5,7,0,,0,,,,,
2008,4,6,7,1021,1020,1141,1145,MQ,3186,N834AE,80,85,63,-4,1,SJC,SAN,417,5,12,0,,0,,,,,
2008,4,26,6,1400,1325,1454,1430,MQ,4023,N503AE,54,65,40,24,35,ORD,LSE,215,3,11,0,,0,24,0,0,0,0
2008,4,30,3,1120,1130,1328,1355,MQ,4048,N922AE,128,145,117,-27,-10,GPT,ORD,800,4,7,0,,0,,,,,
2008,4,22,2,1427,1430,1611,1625,MQ,4568,N705AE,104,115,90,-14,-3,RDU,BOS,612,6,8,0,,0,,,,,
2008,4,15,2,1701,1650,1812,1759,MQ,4823,N837AE,71,69,47,13,11,BOS,LGA,185,11,13,0,,0,,,,,
2008,4,1,2,1428,1404,1524,1454,NW,749,N319NB,116,110,87,30,24,DTW,MSP,528,5,24,0,,0,3,0,6,0,21
2008,4,8,2,751,800,915,911,NW,1006,N375NC,84,71,39,4,-9,IND,DTW,231,27,18,0,,0,,,,,
2008,4,21,1,1309,1310,1535,1535,9E,4749,89709E,86,85,59,0,-1,MSP,GRR,408,3,24,0,,0,,,,,
2008,4,22,2,1502,1420,1803,1715,9E,5788,80219E,121,115,86,48,42,MEM,CLE,622,9,26,0,,0,0,42,6,0,0
2008,4,15,2,1232,1220,1348,1350,9E,5941,86119E,136,150,101,-2,12,BWI,MEM,787,22,13,0,,0,,,,,
2008,4,3,4,1757,1750,2254,2220,AA,750,N290AA,237,210,215,34,7,DFW,LGA,1389,10,12,0,,0,5,0,27,0,2
2008,4,9,3,,1425,,1605,AA,1023,,,220,,,,AUS,SJC,1476,,,1,A,0,,,,,
2008,4,6,7,1120,1105,1556,1555,AA,1046,N3CPAA,156,170,134,1,15,SNA,DFW,1205,11,11,0,,0,,,,,
2008,4,24,4,744,745,1123,1135,AA,1151,N5EDAA,219,230,192,-12,-1,EWR,SJU,1608,4,23,0,,0,,,,,
2008,4,10,4,1645,1350,1959,1710,AA,1498,N476AA,134,140,115,169,175,DFW,TPA,929,2,17,0,,0,169,0,0,0,0
2008,4,11,5,,955,,1140,AA,1792,,,105,,,,DFW,BNA,631,,,1,A,0,,,,,
2008,4,1,2,1623,1515,1927,1825,AA,2022,N508AA,124,130,108,62,68,BNA,LGA,764,5,11,0,,0,0,0,52,0,10
2008,4,10,4,1458,1500,1756,1736,AS,693,N586AS,178,156,149,20,-2,LAS,SEA,866,8,21,0,,0,0,0,20,0,0
2008,4,25,5,1844,1850,2131,2149,B6,116,N636JB,167,179,145,-18,-6,FLL,JFK,1069,4,18,0,,0,,,,,
2008,4,23,3,719,725,819,830,CO,679,N14334,60,65,38,-11,-6,IAH,SAT,191,2,20,0,,0,,,,,
2008,4,29,2,1527,1527,1839,1841,CO,320,N37615,132,134,102,-2,0,IAH,ATL,689,7,23,0,,0,,,,,
2008,4,3,4,1443,1420,1551,1540,CO,1458,N14652,128,140,105,11,23,ATL,IAH,689,7,16,0,,0,,,,,
2008,4,3,4,1149,1152,1651,1655,CO,1558,N38727,182,183,163,-4,-3,SNA,IAH,1347,11,8,0,,0,,,,,
2008,4,3,4,839,840,1100,1059,DL,506,N624DL,141,139,105,1,-1,ATL,LGA,761,17,19,0,,0,,,,,
2008,4,4,5,1737,1600,2150,1922,DL,1640,N995DL,193,142,170,148,97,SAT,ATL,874,9,14,0,,0,0,0,51,0,97
2008,4,10,4,1050,1050,1251,1252,DL,1206,N399DA,121,122,103,-1,0,CVG,BOS,752,9,9,0,,0,,,,,
2008,4,17,4,,1100,,1152,DL,1183,N914DN,,112,,,,SLC,SJC,585,,,1,A,0,,,,,
2008,5,5,1,1857,1900,2054,2115,WN,2978,N449WN,237,255,216,-21,-3,HOU,OAK,1642,12,9,0,,0,,,,,
2008,5,7,3,708,710,805,815,WN,3309,N255WN,57,65,42,-10,-2,BUR,LAS,223,4,11,0,,0,,,,,
2008,5,7,3,1912,1900,2021,2025,WN,344,N446WN,69,85,56,-4,12,LAX,SFO,337,6,7,0,,0,,,,,
2008,5,7,3,1954,1955,2117,2125,WN,3340,N405WN,83,90,71,-8,-1,STL,OKC,462,4,8,0,,0,,,,,
2008,5,13,2,645,645,916,935,WN,2611,N222WN,151,170,136,-19,0,BDL,MCO,1050,7,8,0,,0,,,,,
2008,5,14,3,1406,1405,1833,1840,WN,1912,N366SW,147,155,137,-7,1,PHX,OMA,1037,3,7,0,,0,,,,,
2008,5,15,4,2153,2135,2302,2255,WN,1942,N728SW,69,80,59,7,18,SJC,SAN,417,3,7,0,,0,,,,,
2008,5,15,4,1813,1800,1921,1915,WN,526,N434WN,68,75,58,6,13,SMF,ONT,389,3,7,0,,0,,,,,
2008,5,16,5,2051,2050,2231,2230,WN,2554,N745SW,100,100,85,1,1,BWI,SDF,495,3,12,0,,0,,,,,
2008,5,20,2,855,855,1128,1140,WN,975,N233LV,273,285,262,-12,0,BWI,SLC,1864,2,9,0,,0,,,,,
2008,5,21,3,1301,1250,1420,1415,WN,3571,N751SW,79,85,66,5,11,OAK,LAS,407,5,8,0,,0,,,,,
2008,5,22,4,656,700,802,805,WN,7,N442WN,66,65,53,-3,-4,AMA,DAL,324,5,8,0,,0,,,,,
2008,5,22,4,1840,1840,1953,2000,WN,3337,N398SW,73,80,62,-7,0,LAX,TUS,451,3,8,0,,0,,,,,
2008,5,24,6,1123,1100,1215,1155,WN,752,N698SW,52,55,42,20,23,HOU,DAL,239,3,7,0,,0,0,0,0,0,20
2008,5,27,2,2102,1640,2150,1735,WN,24,N208WN,108,115,93,255,262,DEN,LAS,629,4,11,0,,0,17,0,0,0,238
2008,5,28,3,1443,1445,1718,1730,WN,1748,N638SW,95,105,81,-12,-2,ABQ,DAL,580,5,9,0,,0,,,,,
2008,5,29,4,1408,1410,1518,1530,WN,963,N507SW,70,80,56,-12,-2,MCI,MDW,405,4,10,0,,0,,,,,
2008,5,30,5,1247,1240,1451,1450,WN,3846,N675AA,184,190,169,1,7,BWI,HOU,1246,6,9,0,,0,,,,,
2008,5,20,2,1538,1540,2017,2023,XE,414,N11189,159,163,145,-6,-2,SAN,OKC,1136,5,9,0,,0,,,,,
2008,5,12,1,1706,1710,1829,1823,XE,619,N15555,143,133,127,6,-4,RDU,MSY,779,8,8,0,,0,,,,,
2008,5,29,4,1703,1710,1819,1828,XE,7782,N14570,76,78,55,-9,-7,SJC,LAX,308,9,12,0,,0,,,,,
2008,5,8,4,1720,1545,1938,1803,XE,2751,N19966,138,138,98,95,95,EWR,CHS,628,4,36,0,,0,0,0,0,0,95
2008,5,28,3,2144,2110,2233,2205,XE,2742,N14938,49,55,34,28,34,IAH,LFT,201,5,10,0,,0,0,0,0,0,28
2008,5,2,5,1103,1050,1409,1358,XE,2783,N25134,126,128,107,11,13,ABQ,IAH,744,6,13,0,,0,,,,,
2008,5,22,4,1952,1915,2317,2248,XE,2452,N17521,145,153,119,29,37,IAH,CRW,975,6,20,0,,0,0,0,0,0,29
2008,5,2,5,,1704,,1820,YV,7057,N512MJ,,76,,,,DSM,ORD,299,,,1,C,0,,,,,
2008,5,22,4,2355,2355,109,109,YV,2791,N933LR,74,74,40,0,0,LAS,FAT,258,5,29,0,,0,,,,,
2008,5,23,5,1647,1647,1918,1918,YV,2944,N902FJ,151,151,133,0,0,PHX,EUG,952,5,13,0,,0,,,,,
2008,5,22,4,840,845,1027,1017,OH,5603,N716CA,107,92,65,10,-5,BOS,PHL,280,9,33,0,,0,,,,,
2008,5,1,4,654,700,858,915,OO,4022,N802SK,184,195,165,-17,-6,IAH,SLC,1195,6,13,0,,0,,,,,
2008,5,1,4,552,601,713,730,OO,5999,N413SW,81,89,61,-17,-9,SGF,ORD,438,8,12,0,,0,,,,,
2008,5,4,7,554,600,744,756,OO,5838,N976SW,110,116,84,-12,-6,ELP,DEN,563,9,17,0,,0,,,,,
2008,5,12,1,935,838,1010,918,OO,5746,N217SW,35,40,25,52,57,CLD,LAX,86,5,5,0,,0,0,0,0,0,52
2008,5,15,4,836,840,920,928,OO,3945,N457SW,104,108,76,-8,-4,SLC,SMF,532,5,23,0,,0,,,,,
2008,5,16,5,1847,1852,1958,2010,OO,6758,N772SK,131,138,111,-12,-5,SAT,DEN,794,8,12,0,,0,,,,,
2008,5,20,2,641,640,737,742,OO,3788,N452SW,56,62,45,-5,1,GJT,SLC,217,5,6,0,,0,,,,,
2008,5,20,2,628,645,716,734,OO,5986,N945SW,48,49,28,-18,-17,HDN,DEN,142,9,11,0,,0,,,,,
2008,5,28,3,810,815,1347,1412,UA,590,N597UA,217,237,198,-25,-5,SMF,ORD,1781,9,10,0,,0,,,,,
2008,5,3,6,655,656,747,759,UA,1127,N559UA,112,123,92,-12,-1,BWI,ORD,622,6,14,0,,0,,,,,
2008,5,30,5,1912,1758,2050,2000,UA,1473,N495UA,218,242,202,50,74,MCO,DEN,1545,7,9,0,,0,0,0,0,0,50
2008,5,2,5,1312,1315,1421,1434,US,970,N947UW,69,79,51,-13,-3,PHL,BOS,280,7,11,0,,0,,,,,
2008,5,26,1,2108,2020,2321,2233,US,48,N915AW,313,313,291,48,48,DCA,LAS,2089,4,18,0,,0,0,0,0,0,48
2008,5,31,6,1919,1905,2122,2056,US,755,N404US,123,111,69,26,14,PHL,CLT,448,4,50,0,,0,1,0,12,0,13
2008,5,21,3,952,950,1529,1538,DL,349,N832MH,217,228,189,-9,2,SLC,ATL,1589,9,19,0,,0,,,,,
2008,5,25,7,709,715,846,852,DL,1830,N667DN,97,97,75,-6,-6,SRQ,ATL,445,10,12,0,,0,,,,,
2008,5,26,1,1735,1740,1949,1955,DL,1254,N932DL,134,135,100,-6,-5,ATL,PHL,665,10,24,0,,0,,,,,
2008,5,26,1,1902,1906,2006,2008,DL,1823,N989DL,64,62,39,-2,-4,ATL,SAV,215,6,19,0,,0,,,,,
2008,5,31,6,1400,1400,2102,2124,DL,946,N140LL,242,264,220,-22,0,LAX,ATL,1946,7,15,0,,0,,,,,
2008,5,31,6,725,725,948,922,DL,1621,N667DN,143,117,79,26,0,PIT,ATL,526,22,42,0,,0,0,0,26,0,0
2008,5,21,3,2117,2120,2238,2236,EV,4214,N713EV,141,136,120,2,-3,ATL,OMA,821,3,18,0,,0,,,,,
2008,5,2,5,1722,1610,1742,1609,EV,4281,N843AS,80,59,33,93,72,ATL,MGM,147,4,43,0,,0,72,0,21,0,0
2008,5,15,4,1629,1635,1929,1930,EV,4362,N317CA,180,175,150,-1,-6,MHT,ATL,952,15,15,0,,0,,,,,
2008,5,5,1,1647,1655,1833,1858,EV,4391,N906EV,106,123,91,-25,-8,MDT,ATL,619,6,9,0,,0,,,,,
2008,5,14,3,1911,1915,2150,2141,EV,4480,N709EV,159,146,106,9,-4,EWR,ATL,745,11,42,0,,0,,,,,
2008,5,19,1,1801,1805,2029,2027,EV,4602,N889AS,88,82,56,2,-4,EVV,ATL,350,19,13,0,,0,,,,,
2008,5,29,4,2219,2120,7,2316,F9,277,N804FR,108,116,94,51,59,DEN,BOI,649,6,8,0,,0,0,0,0,0,51
2008,5,4,7,728,730,1412,1425,FL,776,N149AT,224,235,197,-13,-2,LAS,ATL,1747,12,15,0,,0,,,,,
2008,5,8,4,1703,1713,1912,1921,FL,583,N288AT,129,128,109,-9,-10,ROC,ATL,749,11,9,0,,0,,,,,
2008,5,14,3,845,845,1127,1140,FL,81,N313AT,342,355,325,-13,0,BWI,LAX,2329,8,9,0,,0,,,,,
2008,5,30,5,1543,1512,1613,1546,HA,161,N487HA,30,34,21,27,31,OGG,HNL,100,4,5,0,,0,3,0,0,0,24
2008,5,13,2,2000,2010,2035,2044,HA,197,N480HA,35,34,23,-9,-10,OGG,HNL,100,5,7,0,,0,,,,,
2008,5,9,5,742,755,832,845,MQ,3890,N676AE,50,50,33,-13,-13,DAL,AUS,189,10,7,0,,0,,,,,
2008,5,15,4,1320,1320,1449,1450,MQ,3941,N635AE,89,90,67,-1,0,SGF,ORD,438,6,16,0,,0,,,,,
2008,5,14,3,732,725,841,825,MQ,4223,N610AE,129,120,95,16,7,ROC,ORD,528,8,26,0,,0,0,0,16,0,0
2008,5,14,3,1636,1615,1633,1610,MQ,4512,N644AE,57,55,34,23,21,AZO,ORD,122,9,14,0,,0,0,0,2,0,21
2008,5,15,4,1040,1043,1216,1216,NW,129,N8945E,96,93,59,0,-3,ORD,MSP,334,7,30,0,,0,,,,,
2008,5,30,5,2110,2115,553,546,NW,806,N582NW,343,331,318,7,-5,HNL,SEA,2677,9,16,0,,0,,,,,
2008,5,7,3,928,900,1119,1048,NW,1689,N310NW,111,108,88,31,28,RDU,DTW,501,11,12,0,,0,28,0,3,0,0
2008,5,2,5,1917,1856,2110,2056,9E,2045,91669E,113,120,76,14,21,IAD,ATL,533,13,24,0,,0,,,,,
2008,5,28,3,1537,1535,1627,1625,9E,2879,84329E,50,50,30,2,2,LSE,MSP,120,9,11,0,,0,,,,,
2008,5,6,2,1924,1929,2010,2030,9E,2965,89869E,46,61,29,-20,-5,DTW,SBN,157,3,14,0,,0,,,,,
2008,5,10,6,1407,1412,1528,1540,9E,3764,84449E,81,88,62,-12,-5,DTW,CRW,281,7,12,0,,0,,,,,
2008,5,5,1,707,710,803,750,9E,5669,87519E,116,100,68,13,-3,SBN,MSP,411,7,41,0,,0,,,,,
2008,5,7,3,1502,1505,1634,1635,9E,5828,84759E,152,150,134,-1,-3,DTW,SHV,886,5,13,0,,0,,,,,
2008,5,19,1,1710,1710,1752,1755,9E,5961,89039E,102,105,87,-3,0,SAV,MEM,545,5,10,0,,0,,,,,
2008,5,29,4,1602,1605,1841,1845,AA,322,N484AA,99,100,74,-4,-3,ELP,DFW,551,15,10,0,,0,,,,,
2008,5,28,3,1140,1145,1503,1445,AA,423,N058AA,203,180,159,18,-5,JFK,MIA,1090,16,28,0,,0,0,0,18,0,0
2008,5,18,7,1550,1550,1809,1815,AA,623,N587AA,199,205,176,-6,0,BWI,DFW,1217,11,12,0,,0,,,,,
2008,5,17,6,1403,1405,1649,1700,AA,1169,N583AA,166,175,150,-11,-2,ORD,SAT,1041,4,12,0,,0,,,,,
2008,5,24,6,1153,1130,1548,1510,AA,1690,N5FEAA,175,160,150,38,23,DFW,MIA,1121,6,19,0,,0,23,0,15,0,0
2008,5,11,7,1210,1210,1307,1310,AA,2064,N624AA,57,60,39,-3,0,MIA,MCO,193,5,13,0,,0,,,,,
2008,5,9,5,915,920,1049,1059,B6,1290,N203JB,94,99,71,-10,-5,PIT,BOS,496,6,17,0,,0,,,,,
2008,5,29,4,1252,1300,1534,1551,B6,577,N249JB,162,171,147,-17,-8,SWF,MCO,989,5,10,0,,0,,,,,
2008,5,6,2,1706,1650,1805,1806,CO,5,N73256,59,76,45,-1,16,IAH,MSY,305,3,11,0,,0,,,,,
2008,5,27,2,1435,1440,1916,1930,CO,1532,N69603,221,230,190,-14,-5,IAH,LGA,1416,10,21,0,,0,,,,,
2008,5,7,3,1106,1100,1440,1420,CO,1166,N33608,154,140,96,20,6,ORD,EWR,719,31,27,0,,0,0,0,16,0,4
2008,5,6,2,1659,1700,2040,2019,DL,1143,N684DA,341,319,302,21,-1,BOS,SLC,2105,5,34,0,,0,0,0,21,0,0
2008,5,9,5,645,650,910,915,DL,770,N968DL,85,85,68,-5,-5,MOB,ATL,302,9,8,0,,0,,,,,
2008,5,11,7,1827,1830,2006,2004,DL,923,N991DL,159,154,132,2,-3,ATL,SAT,874,5,22,0,,0,,,,,
2008,5,13,2,1929,1928,2027,2039,DL,1070,N3733Z,58,71,41,-12,1,ATL,CHS,259,5,12,0,,0,,,,,
2008,6,4,3,707,710,810,810,WN,554,N733SA,63,60,47,0,-3,SAT,DAL,248,5,11,0,,0,,,,,
2008,6,6,5,2207,2155,2321,2320,WN,3397,N457WN,74,85,57,1,12,SJC,LAS,386,8,9,0,,0,,,,,
2008,6,8,7,1234,1235,1357,1400,WN,3916,N452WN,263,265,251,-3,-1,CLE,LAS,1825,6,6,0,,0,,,,,
2008,6,11,3,1057,1100,1203,1205,WN,3846,N655WN,66,65,47,-2,-3,BUF,BWI,281,8,11,0,,0,,,,,
2008,6,15,7,1223,1220,1332,1330,WN,1462,N372SW,69,70,55,2,3,TUL,STL,351,5,9,0,,0,,,,,
2008,6,18,3,2019,2000,2110,2100,WN,1755,N409WN,111,120,97,10,19,BWI,MDW,611,4,10,0,,0,,,,,
2008,6,20,5,1412,1405,1601,1505,WN,1322,N912WN,109,60,41,56,7,FLL,TPA,197,3,65,0,,0,0,7,49,0,0
2008,6,20,5,1253,1250,1409,1415,WN,3571,N294WN,76,85,64,-6,3,OAK,LAS,407,5,7,0,,0,,,,,
2008,6,24,2,2125,2130,2230,2240,WN,2352,N231WN,65,70,53,-10,-5,JAX,FLL,318,4,8,0,,0,,,,,
2008,6,24,2,800,800,1007,925,WN,3322,N442WN,127,85,76,42,0,MCI,BNA,491,6,45,0,,0,0,0,42,0,0
2008,6,24,2,2037,1950,2310,2230,WN,643,N446WN,93,100,81,40,47,OAK,SLC,588,6,6,0,,0,3,0,0,0,37
2008,6,26,4,1256,1250,1753,1755,WN,2659,N781WN,177,185,165,-2,6,PHX,MSY,1301,4,8,0,,0,,,,,
2008,6,27,5,1414,1405,1707,1705,WN,879,N636WN,173,180,159,2,9,MCO,MHT,1142,3,11,0,,0,,,,,
2008,6,27,5,1311,1245,1401,1335,WN,2627,N623SW,50,50,34,26,26,SAT,HOU,192,6,10,0,,0,3,0,0,0,23
2008,6,29,7,921,925,1134,1150,WN,787,N335SW,133,145,121,-16,-4,MCO,IND,828,6,6,0,,0,,,,,
2008,6,29,7,744,745,858,910,WN,3853,N375SW,74,85,63,-12,-1,MDW,MCI,405,4,7,0,,0,,,,,
2008,6,25,3,1235,1225,1416,1402,XE,7652,N17196,161,157,144,14,10,MCI,SLC,919,5,12,0,,0,,,,,
2008,6,2,1,1456,1500,1615,1621,XE,7801,N12175,79,81,54,-6,-4,LAX,SFO,337,8,17,0,,0,,,,,
2008,6,29,7,1547,1540,1752,1725,XE,2024,N27523,125,105,94,27,7,IAH,MGM,554,4,27,0,,0,7,0,20,0,0
2008,6,16,1,754,800,1103,1117,XE,2683,N14153,129,137,110,-14,-6,COS,IAH,809,7,12,0,,0,,,,,
2008,6,4,3,2142,1906,2121,1859,YV,7131,N75998,39,53,19,142,156,SBN,ORD,84,5,15,0,,0,0,0,0,0,142
2008,6,5,4,1430,1430,1623,1631,YV,2638,N905FJ,113,121,92,-8,0,CLT,BDL,644,8,13,0,,0,,,,,
2008,6,8,7,1435,1315,1620,1500,YV,2694,N939LR,105,105,69,80,80,CLT,IND,428,9,27,0,,0,0,0,0,0,80
2008,6,11,3,945,952,1026,1051,YV,7339,N592ML,101,119,93,-25,-7,MDT,ORD,594,3,5,0,,0,,,,,
2008,6,22,7,,1441,,1538,YV,7097,N456YV,,57,,,,DEN,ASE,125,,,1,A,0,,,,,
2008,6,22,7,1755,1755,1859,1901,YV,7066,N436YV,64,66,41,-2,0,DEN,GUC,152,2,21,0,,0,,,,,
2008,6,6,5,1529,1445,1626,1557,OH,5135,N739CA,57,72,45,29,44,GRR,CVG,268,2,10,0,,0,0,0,0,0,29
2008,6,8,7,1829,1835,2023,2014,OH,5623,N451CA,114,99,77,9,-6,CMH,ATL,446,24,13,0,,0,,,,,
2008,6,25,3,855,900,1040,1039,OH,5626,N588SW,105,99,71,1,-5,DCA,BOS,399,10,24,0,,0,,,,,
2008,6,9,1,1009,1015,1228,1241,OO,6078,N752SK,139,146,117,-13,-6,PDX,LAX,834,10,12,0,,0,,,,,
2008,6,12,4,1050,1031,1317,1230,OO,5905,N702SK,207,179,167,47,19,ORD,ABQ,1118,5,35,0,,0,0,0,28,0,19
2008,6,15,7,1335,1335,1727,1747,OO,3874,N810SK,172,192,146,-20,0,SLC,IAH,1195,10,16,0,,0,,,,,
2008,6,23,1,2214,2130,2306,2228,OO,6633,N954SW,112,118,92,38,44,DEN,TUS,639,4,16,0,,0,38,0,0,0,0
2008,6,6,5,1448,1452,1523,1528,UA,3,N212UA,35,36,21,-5,-4,OGG,KOA,84,5,9,0,,0,,,,,
2008,6,6,5,1106,1105,1444,1427,UA,11,N508UA,398,382,355,17,1,JFK,SFO,2586,3,40,0,,0,0,0,17,0,0
2008,6,10,2,810,814,1011,1020,UA,94,N814UA,121,126,99,-9,-4,SFO,SEA,679,6,16,0,,0,,,,,
2008,6,5,4,1706,1628,2030,1810,UA,919,N575UA,324,222,269,140,38,IAD,DEN,1452,11,44,0,,0,0,0,105,0,35
2008,6,17,2,1818,1818,1933,1945,UA,1166,N302UA,75,87,57,-12,0,SFO,LAX,337,7,11,0,,0,,,,,
2008,6,1,7,2147,2153,2251,2303,US,192,N675AW,64,70,46,-12,-6,PHX,SAN,304,4,14,0,,0,,,,,
2008,6,8,7,1204,1205,1437,1445,US,1980,N531AU,153,160,137,-8,-1,PBI,PHL,951,5,11,0,,0,,,,,
2008,6,12,4,1500,1435,1549,1536,US,1893,N517AU,109,121,90,13,25,CLT,STL,575,6,13,0,,0,,,,,
2008,6,17,2,2042,2045,2243,2245,US,212,N661AW,301,300,286,-2,-3,BWI,LAS,2106,4,11,0,,0,,,,,
2008,6,25,3,701,705,820,831,US,1818,N703UW,79,86,51,-11,-4,DCA,CLT,331,5,23,0,,0,,,,,
2008,6,2,1,708,710,810,815,WN,1221,N792SW,62,65,42,-5,-2,BUR,LAS,223,5,15,0,,0,,,,,
2008,6,23,1,1912,1725,2140,1958,DL,844,N914DL,148,153,104,102,107,ATL,EWR,745,8,36,0,,0,0,0,102,0,0
2008,6,13,5,2012,2015,2129,2143,EV,4338,N852AS,77,88,51,-14,-3,ATL,SDF,321,5,21,0,,0,,,,,
2008,6,29,7,913,915,1017,1013,EV,4540,N924EV,64,58,45,4,-2,ABY,ATL,146,9,10,0,,0,,,,,
2008,6,29,7,927,935,1055,1105,EV,4663,N920EV,88,90,57,-10,-8,ATL,ROA,357,4,27,0,,0,,,,,
2008,6,1,7,2132,2120,2237,2220,FL,440,N980AT,125,120,100,17,12,ATL,MKE,669,6,19,0,,0,12,0,5,0,0
2008,6,3,2,849,854,1055,1113,FL,413,N991AT,126,139,109,-18,-5,BWI,TPA,842,5,12,0,,0,,,,,
2008,6,8,7,2210,2118,540,503,FL,52,N276AT,270,285,254,37,52,SFO,ATL,2139,5,11,0,,0,0,0,0,0,37
2008,6,12,4,1615,1614,1803,1814,FL,365,N126AT,108,120,88,-11,1,ATL,MIA,595,5,15,0,,0,,,,,
2008,6,17,2,2215,2130,28,8,FL,276,N316AT,133,158,118,20,45,ATL,BOS,946,5,10,0,,0,0,0,0,0,20
2008,6,22,7,1217,1218,1349,1353,FL,205,N942AT,92,95,71,-4,-1,ATL,PHF,508,4,17,0,,0,,,,,
2008,6,22,7,1533,1537,1705,1717,FL,167,N922AT,92,100,75,-12,-4,ATL,RSW,515,4,13,0,,0,,,,,
2008,6,24,2,1509,1503,1611,1608,FL,504,N952AT,122,125,101,3,6,ATL,MCI,692,4,17,0,,0,,,,,
2008,6,28,6,1630,1623,1808,1817,FL,62,N930AT,98,114,83,-9,7,ATL,IAD,533,4,11,0,,0,,,,,
2008,6,5,4,952,955,1025,1025,HA,304,N476HA,33,30,20,0,-3,LIH,HNL,102,6,7,0,,0,,,,,
2008,6,28,6,2137,2145,2210,2215,HA,534,N487HA,33,30,20,-5,-8,LIH,HNL,102,7,6,0,,0,,,,,
2008,6,12,4,712,715,815,825,MQ,3101,N848AE,63,70,46,-10,-3,LAX,LAS,236,6,11,0,,0,,,,,
2008,6,24,2,625,630,748,800,MQ,3189,N818AE,83,90,63,-12,-5,SJC,SNA,342,5,15,0,,0,,,,,
2008,6,21,6,656,640,807,754,MQ,3303,N236AE,71,74,43,13,16,DFW,SHV,190,7,21,0,,0,,,,,
2008,6,14,6,704,705,1023,1025,MQ,3457,N928AE,139,140,114,-2,-1,DFW,CVG,812,12,13,0,,0,,,,,
2008,6,30,1,637,635,847,845,MQ,3592,N512AE,190,190,164,2,2,ROC,DFW,1266,7,19,0,,0,,,,,
2008,6,9,1,554,600,645,655,MQ,3654,N811AE,51,55,41,-10,-6,FSM,DFW,228,6,4,0,,0,,,,,
2008,6,22,7,2027,2035,2212,2230,MQ,3863,N680AE,105,115,84,-18,-8,DFW,VPS,626,9,12,0,,0,,,,,
2008,6,28,6,1913,1830,2120,2025,MQ,4655,N706RG,127,115,66,55,43,JFK,RDU,426,6,55,0,,0,0,43,12,0,0
2008,6,22,7,,2025,,2205,MQ,4891,,,100,,,,LGA,CLE,418,,,1,C,0,,,,,
2008,6,16,1,615,615,754,756,NW,526,N516US,99,101,79,-2,0,DTW,LGA,501,7,13,0,,0,,,,,
2008,6,23,1,906,910,1210,1207,NW,554,N319US,124,117,89,3,-4,DEN,MSP,680,6,29,0,,0,,,,,
2008,6,15,7,127,30,612,537,NW,596,N507US,165,187,146,35,57,PDX,MSP,1426,4,15,0,,0,35,0,0,0,0
2008,6,29,7,1244,1250,1508,1519,NW,647,N341NW,204,209,181,-11,-6,RSW,MSP,1416,11,12,0,,0,,,,,
2008,6,17,2,,2115,,2256,NW,660,N755NW,,101,,,,DTW,EWR,487,,,1,A,0,,,,,
2008,6,20,5,600,610,826,819,NW,721,N505US,206,189,150,7,-10,BOS,MSP,1124,12,44,0,,0,,,,,
2008,6,19,4,1437,1345,1738,1645,NW,880,N774NC,121,120,84,53,52,MEM,TPA,656,4,33,0,,0,52,0,1,0,0
2008,6,1,7,1557,1600,1718,1725,9E,2005,91479E,141,145,102,-7,-3,ATL,HOU,696,6,33,0,,0,,,,,
2008,6,14,6,1840,1850,1935,1941,9E,3727,89609E,55,51,23,-6,-10,LAN,DTW,74,25,7,0,,0,,,,,
2008,6,2,1,1315,1325,1416,1433,9E,3771,85889E,61,68,32,-17,-10,CAK,DTW,133,14,15,0,,0,,,,,
2008,6,21,6,1356,1330,2229,2210,AA,178,N332AA,333,340,300,19,26,SFO,JFK,2586,9,24,0,,0,19,0,0,0,0
2008,6,1,7,1552,1555,1804,1810,AA,203,N5DDAA,312,315,296,-6,-3,MIA,LAX,2342,5,11,0,,0,,,,,
2008,6,11,3,,815,,929,AA,525,,,74,,,,MSP,ORD,334,,,1,C,0,,,,,
2008,6,30,1,1130,1135,1639,1655,AA,634,N422AA,189,200,171,-16,-5,RNO,DFW,1345,11,7,0,,0,,,,,
2008,6,15,7,1501,1440,2001,1955,AA,854,N244AA,180,195,161,6,21,LAS,STL,1372,3,16,0,,0,,,,,
2008,6,4,3,1542,1405,1825,1645,AA,1169,N427AA,163,160,145,100,97,ORD,SAT,1041,2,16,0,,0,81,0,3,0,16
2008,6,19,4,1743,1305,2040,1605,AA,1480,N079AA,177,180,156,275,278,SJU,MCO,1189,6,15,0,,0,207,0,0,0,68
2008,6,16,1,1704,1625,1855,1805,AA,1969,N278AA,231,220,204,50,39,ORD,PHX,1440,6,21,0,,0,0,0,13,0,37
2008,6,6,5,1455,1440,1729,1714,AS,533,N975AS,154,154,140,15,15,ONT,SEA,956,5,9,0,,0,15,0,0,0,0
2008,6,3,2,1810,1810,2116,2103,B6,1120,N283JB,186,173,157,13,0,FLL,BUF,1166,4,25,0,,0,,,,,
2008,6,18,3,933,935,1742,1806,B6,352,N662JB,309,331,290,-24,-2,BUR,JFK,2465,4,15,0,,0,,,,,
2008,6,25,3,525,535,917,929,B6,740,N705JB,232,234,216,-12,-10,PSE,JFK,1617,7,9,0,,0,,,,,
2008,6,26,4,2006,1950,2223,2153,B6,1080,N184JB,137,123,93,30,16,CLT,JFK,541,11,33,0,,0,0,0,30,0,0
2008,6,29,7,805,759,1048,1055,CO,1581,N11206,343,356,312,-7,6,EWR,SEA,2401,11,20,0,,0,,,,,
2008,6,26,4,1514,1240,2020,1759,CO,420,N27724,186,199,173,141,154,SNA,IAH,1347,5,8,0,,0,0,0,141,0,0
2008,6,10,2,1136,1110,1749,1724,CO,1636,N77261,253,254,233,25,26,SEA,IAH,1874,5,15,0,,0,0,0,6,0,19
2008,6,3,2,1758,1805,1850,1907,CO,1663,N14629,112,122,92,-17,-7,IAH,ELP,667,3,17,0,,0,,,,,
2008,6,6,5,1818,1820,1926,1941,DL,1814,N907DL,68,81,46,-15,-2,GSO,ATL,306,8,14,0,,0,,,,,
2008,6,16,1,703,705,1034,1017,DL,1449,N906DL,211,192,169,17,-2,BOS,TPA,1185,7,35,0,,0,0,0,17,0,0
2008,7,4,5,1834,1830,1924,1925,WN,3005,N609SW,50,55,41,-1,4,DAL,SAT,248,3,6,0,,0,,,,,
2008,7,9,3,809,810,1112,1120,WN,187,N749SW,123,130,112,-8,-1,BNA,FLL,793,3,8,0,,0,,,,,
2008,7,10,4,938,930,1535,1530,WN,3421,N291WN,237,240,224,5,8,OAK,MDW,1844,5,8,0,,0,,,,,
2008,7,16,3,1325,1325,1523,1545,WN,286,N424WN,118,140,107,-22,0,MCO,BWI,787,5,6,0,,0,,,,,
2008,7,20,7,2045,2045,2159,2155,WN,1951,N634SW,74,70,47,4,0,LAX,LAS,236,3,24,0,,0,,,,,
2008,7,25,5,836,840,1207,1215,WN,1235,N707SA,151,155,133,-8,-4,MCI,TPA,1048,3,15,0,,0,,,,,
2008,7,25,5,2148,2135,2209,2205,WN,1160,N445WN,81,90,68,4,13,TPA,MSY,487,3,10,0,,0,,,,,
2008,7,26,6,655,655,808,810,WN,2318,N270,73,75,62,-2,0,LAX,SMF,373,5,6,0,,0,,,,,
2008,7,27,7,1733,1715,1925,1910,WN,1967,N326SW,112,115,92,15,18,PHX,SMF,647,4,16,0,,0,0,0,0,0,15
2008,7,31,4,1231,1235,1316,1325,WN,811,N438WN,45,50,32,-9,-4,OAK,RNO,180,5,8,0,,0,,,,,
2008,7,31,4,1156,1155,1307,1310,WN,514,N647SW,71,75,52,-3,1,SJC,LAX,308,5,14,0,,0,,,,,
2008,7,7,1,1604,1610,1711,1723,XE,433,N14568,67,73,55,-12,-6,SAN,MRY,376,2,10,0,,0,,,,,
2008,7,19,6,832,835,1004,1001,XE,508,N16561,92,86,71,3,-3,SAT,MSY,495,10,11,0,,0,,,,,
2008,7,11,5,1409,1410,1543,1549,XE,2336,N17928,94,99,79,-6,-1,IAH,ICT,542,4,11,0,,0,,,,,
2008,7,28,1,1442,1440,1530,1542,XE,2460,N24517,48,62,34,-12,2,LFT,IAH,201,7,7,0,,0,,,,,
2008,7,10,4,1040,1033,1156,1145,XE,2263,N12540,76,72,54,11,7,BTV,EWR,266,11,11,0,,0,,,,,
2008,7,3,4,,1833,,2100,XE,2517,,,147,,,,SAV,EWR,708,,,1,C,0,,,,,
2008,7,23,3,,1940,,2220,XE,2076,,,160,,,,EWR,IND,644,,,1,C,0,,,,,
2008,7,13,7,1307,1315,1727,1725,XE,3147,N14153,200,190,164,2,-8,IAH,IAD,1190,6,30,0,,0,,,,,
2008,7,9,3,659,709,811,829,XE,2525,N17524,72,80,57,-18,-10,IAH,GPT,376,4,11,0,,0,,,,,
2008,7,13,7,908,915,1051,1100,XE,3018,N14960,103,105,73,-9,-7,DTW,EWR,487,8,22,0,,0,,,,,
2008,7,24,4,715,715,851,840,YV,2636,N910FJ,96,85,62,11,0,SDF,CLT,336,7,27,0,,0,,,,,
2008,7,20,7,1716,1721,1813,1825,NW,1755,N8938E,117,124,99,-12,-5,DTW,MCI,629,4,14,0,,0,,,,,
2008,7,18,5,2050,1950,2155,2101,OH,5216,N675BR,65,71,51,54,60,CVG,DTW,229,5,9,0,,0,54,0,0,0,0
2008,7,8,2,720,640,840,820,OH,5727,N936CA,80,100,58,20,40,IAD,CVG,388,10,12,0,,0,0,0,20,0,0
2008,7,29,2,1729,1729,1852,1900,OH,5266,N931CA,83,91,53,-8,0,RIC,LGA,292,8,22,0,,0,,,,,
2008,7,10,4,2210,2210,2345,2344,OH,5494,N956CA,95,94,29,1,0,JFK,ALB,145,5,61,0,,0,,,,,
2008,7,6,7,1645,1645,1847,1833,OH,5142,N430CA,122,108,94,14,0,SAV,CVG,515,2,26,0,,0,,,,,
2008,7,24,4,930,705,1235,1003,OH,5383,N378CA,185,178,152,152,145,LGA,PBI,1035,5,28,0,,0,0,0,7,0,145
2008,7,8,2,2140,2036,2136,2048,OO,5919,N930SW,56,72,42,48,64,TVC,ORD,224,9,5,0,,0,0,0,48,0,0
2008,7,12,6,710,720,844,904,OO,4047,N448SW,94,104,72,-20,-10,FCA,SLC,532,7,15,0,,0,,,,,
2008,7,13,7,2151,2150,2340,2335,OO,2642,N698BR,49,45,27,5,1,MKE,GRR,120,5,17,0,,0,,,,,
2008,7,16,3,2221,2220,2339,2344,OO,6387,N910SW,78,84,61,-5,1,SFO,PSP,421,5,12,0,,0,,,,,
2008,7,18,5,1041,1047,1224,1209,OO,5474,N216SW,103,82,66,15,-6,ACV,SFO,250,28,9,0,,0,0,0,15,0,0
2008,7,24,4,957,1007,1116,1134,OO,5466,N585SW,79,87,62,-18,-10,MRY,LAX,267,7,10,0,,0,,,,,
2008,7,26,6,2124,2124,3,2359,OO,5782,N565SW,99,95,73,4,0,LAX,SGU,348,4,22,0,,0,,,,,
2008,7,28,1,1953,1955,2127,2131,OO,6489,N907SW,94,96,68,-4,-2,RNO,LAX,390,8,18,0,,0,,,,,
2008,7,19,6,2005,2005,2144,2127,UA,597,N336UA,99,82,82,17,0,ORD,MSP,334,5,12,0,,0,0,0,17,0,0
2008,7,25,5,1750,1744,1959,2000,UA,947,N781UA,309,316,276,-1,6,IAD,LAX,2288,12,21,0,,0,,,,,
2008,7,16,3,1019,1030,1129,1157,US,1819,N944UW,70,87,55,-28,-11,BOS,PHL,280,7,8,0,,0,,,,,
2008,7,16,3,2344,2351,707,722,US,579,N603AW,263,271,240,-15,-7,LAS,TPA,1984,4,19,0,,0,,,,,
2008,7,16,3,1728,1730,1845,1856,US,285,N626AW,197,206,166,-11,-2,MSP,PHX,1276,5,26,0,,0,,,,,
2008,7,17,4,1610,1610,1821,1814,US,1992,N527AU,131,124,92,7,0,CLT,PVD,683,3,36,0,,0,,,,,
2008,7,21,1,925,925,1053,1109,US,1846,N704US,88,104,74,-16,0,CLT,PHL,448,4,10,0,,0,,,,,
2008,7,25,5,937,945,1053,1109,US,1251,N711UW,76,84,48,-16,-8,CLT,JAX,329,5,23,0,,0,,,,,
2008,7,26,6,1846,1847,2357,18,US,9,N658AW,191,211,174,-21,-1,PHX,ORD,1440,7,10,0,,0,,,,,
2008,7,27,7,1113,1120,1221,1237,US,941,N182UW,188,197,167,-16,-7,MSP,PHX,1276,6,15,0,,0,,,,,
2008,7,13,7,,1754,,1919,EV,4179,N753EV,,85,,,,SDF,ATL,321,,,1,C,0,,,,,
2008,7,13,7,738,715,859,837,EV,4525,N884AS,81,82,69,22,23,FAY,ATL,331,7,5,0,,0,0,22,0,0,0
2008,7,7,1,636,630,738,717,EV,4547,N979EV,62,47,34,21,6,AGS,ATL,143,12,16,0,,0,0,6,15,0,0
2008,7,29,2,2156,2025,2236,2119,EV,4690,N852AS,100,114,80,77,91,ATL,XNA,589,2,18,0,,0,0,0,77,0,0
2008,7,20,7,2003,1955,2318,2307,F9,407,N939FR,135,132,111,11,8,LAX,DEN,862,7,17,0,,0,,,,,
2008,7,1,2,1654,1642,1954,1947,FL,385,N993AT,120,125,94,7,12,MLI,ATL,633,9,17,0,,0,,,,,
2008,7,3,4,757,800,929,935,FL,204,N947AT,92,95,76,-6,-3,ATL,CAK,528,6,10,0,,0,,,,,
2008,7,25,5,1848,1840,2023,2013,FL,849,N921AT,95,93,65,10,8,ATL,MCO,403,14,16,0,,0,,,,,
2008,7,31,4,835,835,1041,1043,FL,703,N272AT,126,128,110,-2,0,DAY,MCO,808,7,9,0,,0,,,,,
2008,7,13,7,2105,2100,2203,2205,MQ,3559,N506AE,58,65,40,-2,5,DFW,XNA,281,5,13,0,,0,,,,,
2008,7,17,4,1501,1505,1808,1815,MQ,3599,N684JW,127,130,106,-7,-4,DFW,TYS,772,5,16,0,,0,,,,,
2008,7,12,6,953,910,1003,915,MQ,3915,N844AE,70,65,38,48,43,IND,ORD,177,13,19,0,,0,0,8,5,0,35
2008,7,16,3,715,720,840,850,MQ,4644,N735TS,85,90,67,-10,-5,RDU,EWR,416,4,14,0,,0,,,,,
2008,7,14,1,1220,1225,1742,1758,NW,175,N333NB,202,213,172,-16,-5,LAS,MEM,1416,11,19,0,,0,,,,,
2008,7,26,6,1435,1436,1531,1536,NW,549,N334NW,116,120,98,-5,-1,MSP,DEN,680,8,10,0,,0,,,,,
2008,7,2,3,2231,2216,2336,2315,NW,1051,N783NC,65,59,40,21,15,MSP,FAR,223,5,20,0,,0,15,0,6,0,0
2008,7,2,3,2332,1916,108,2050,9E,2933,88969E,156,154,129,258,256,DTW,ICT,811,7,20,0,,0,0,256,2,0,0
2008,7,24,4,925,930,1214,1225,9E,5968,89309E,109,115,73,-11,-5,MEM,GSO,570,24,12,0,,0,,,,,
2008,7,27,7,836,835,1213,1235,AA,1048,N5FNAA,157,180,140,-22,1,ORD,MIA,1197,6,11,0,,0,,,,,
2008,7,4,5,1523,1525,1642,1655,AA,1272,N527AA,79,90,66,-13,-2,DFW,MFE,468,4,9,0,,0,,,,,
2008,7,8,2,1436,1440,1603,1615,AA,1316,N505AA,87,95,71,-12,-4,MFE,DFW,468,9,7,0,,0,,,,,
2008,7,14,1,726,730,846,850,AA,1419,N200AA,200,200,180,-4,-4,STL,LAS,1372,8,12,0,,0,,,,,
2008,7,23,3,1534,1525,1758,1800,AA,2025,N3BHAA,144,155,126,-2,9,DCA,MIA,920,10,8,0,,0,,,,,
2008,7,4,5,1341,1345,1813,1826,AS,136,N627AS,212,221,195,-13,-4,ANC,PDX,1542,6,11,0,,0,,,,,
2008,7,15,2,1223,1126,1412,1313,AS,366,N589AS,109,107,89,59,57,SEA,SMF,605,2,18,0,,0,57,0,2,0,0
2008,7,7,1,802,805,934,950,B6,1103,N283JB,92,105,70,-16,-3,JFK,RDU,426,3,19,0,,0,,,,,
2008,7,11,5,1847,1855,2024,2035,B6,1401,N178JB,217,220,196,-11,-8,AUS,SFO,1504,8,13,0,,0,,,,,
2008,7,19,6,1445,1455,1728,1753,B6,365,N570JB,163,178,134,-25,-10,LGA,PBI,1035,3,26,0,,0,,,,,
2008,7,31,4,913,912,1248,1240,CO,1873,N62631,155,148,128,8,1,IAH,MCO,853,12,15,0,,0,,,,,
2008,7,18,5,1040,1040,1257,1315,CO,303,N37298,197,215,172,-18,0,EWR,IAH,1400,11,14,0,,0,,,,,
2008,7,9,3,718,724,945,945,DL,1800,N933DL,147,141,125,0,-6,ATL,BDL,859,5,17,0,,0,,,,,
2008,7,11,5,555,600,1334,1351,DL,46,N132DN,279,291,253,-17,-5,SFO,ATL,2139,6,20,0,,0,,,,,
2008,7,14,1,1356,1342,1407,1359,DL,789,N925DL,71,77,54,8,14,ATL,JAN,341,2,15,0,,0,,,,,
2008,7,17,4,1542,1540,1759,1811,DL,918,N923DL,137,151,106,-12,2,ATL,LGA,761,8,23,0,,0,,,,,
2008,8,2,6,843,840,1004,1010,WN,1373,N525SW,81,90,67,-6,3,SAN,SMF,480,3,11,0,,0,,,,,
2008,8,4,1,803,800,932,925,WN,3322,N431WN,89,85,74,7,3,MCI,BNA,491,5,10,0,,0,,,,,
2008,8,4,1,745,745,840,855,WN,470,N909WN,55,70,48,-15,0,ONT,SJC,333,2,5,0,,0,,,,,
2008,8,5,2,1356,1355,1454,1500,WN,1564,N278WN,58,65,49,-6,1,OMA,STL,342,5,4,0,,0,,,,,
2008,8,5,2,1301,1250,1403,1350,WN,2446,N653SW,62,60,48,13,11,SAT,DAL,248,4,10,0,,0,,,,,
2008,8,9,6,1318,1310,1429,1430,WN,3036,N640SW,71,80,63,-1,8,OKC,HOU,419,2,6,0,,0,,,,,
2008,8,13,3,1004,1005,1301,1255,WN,3324,N267WN,177,170,161,6,-1,PVD,MCO,1073,7,9,0,,0,,,,,
2008,8,15,5,836,840,1037,1055,WN,1473,N752SW,121,135,112,-18,-4,MSY,MDW,825,4,5,0,,0,,,,,
2008,8,18,1,738,740,815,830,WN,2434,N230WN,97,110,84,-15,-2,BWI,BNA,588,5,8,0,,0,,,,,
2008,8,25,1,1332,1325,1657,1705,WN,1536,N903WN,145,160,130,-8,7,PDX,DEN,992,8,7,0,,0,,,,,
2008,8,26,2,756,800,1130,1140,WN,1620,N910WN,154,160,140,-10,-4,ABQ,MDW,1121,3,11,0,,0,,,,,
2008,8,28,4,1601,1600,1708,1710,WN,823,N406WN,67,70,55,-2,1,LAX,OAK,337,6,6,0,,0,,,,,
2008,8,7,4,949,955,1218,1223,XE,519,N14188,89,88,75,-5,-6,MSY,JAX,513,4,10,0,,0,,,,,
2008,8,15,5,1605,1525,1656,1629,XE,2148,N14514,51,64,33,27,40,IAH,SHV,192,4,14,0,,0,27,0,0,0,0
2008,8,4,1,1338,1340,1454,1450,XE,2135,N14998,76,70,55,4,-2,SDF,CLE,304,6,15,0,,0,,,,,
2008,8,27,3,936,944,1112,1130,XE,3087,N14939,96,106,79,-18,-8,BHM,IAH,562,8,9,0,,0,,,,,
2008,8,28,4,1231,1230,1355,1355,XE,2724,N13929,84,85,66,0,1,IAH,TUL,429,4,14,0,,0,,,,,
2008,8,29,5,1725,1630,2042,2000,XE,2567,N21144,137,150,110,42,55,BNA,EWR,748,18,9,0,,0,3,0,0,0,39
2008,8,19,2,903,910,1009,1028,XE,3085,N13969,126,138,114,-19,-7,TYS,IAH,772,5,7,0,,0,,,,,
2008,8,4,1,1330,1331,1513,1532,YV,2790,N912FJ,103,121,88,-19,-1,PHX,OAK,646,4,11,0,,0,,,,,
2008,8,5,2,1014,1016,1225,1219,YV,7044,N504MJ,71,63,41,6,-2,ORD,TVC,224,3,27,0,,0,,,,,
2008,8,11,1,1440,1425,1612,1557,YV,2607,N912FJ,92,92,60,15,15,CLT,TLH,386,5,27,0,,0,15,0,0,0,0
2008,8,18,1,1148,1155,1225,1245,YV,7258,N715SF,37,50,23,-20,-7,ORD,MSN,109,4,10,0,,0,,,,,
2008,8,19,2,557,600,706,716,YV,7158,N521LR,69,76,45,-10,-3,CLE,IAD,288,7,17,0,,0,,,,,
2008,8,20,3,704,600,747,646,YV,7121,N650ML,43,46,24,61,64,MDT,IAD,94,5,14,0,,0,61,0,0,0,0
2008,8,21,4,1450,1355,1756,1703,YV,7110,N75995,126,128,107,53,55,ORD,SAV,773,2,17,0,,0,0,53,0,0,0
2008,8,23,6,938,914,1123,1108,NW,1765,N600TR,105,114,75,15,24,PHL,DTW,453,8,22,0,,0,0,0,1,0,14
2008,8,21,4,550,600,756,804,OH,5376,N721CA,126,124,98,-8,-10,CHS,LGA,641,11,17,0,,0,,,,,
2008,8,4,1,1057,1104,1206,1203,OO,3881,N438SW,129,119,108,3,-7,SLC,SBA,615,4,17,0,,0,,,,,
2008,8,6,3,1444,1453,1521,1537,OO,5764,N393SW,37,44,26,-16,-9,RDM,PDX,116,3,8,0,,0,,,,,
2008,8,13,3,1526,1532,1646,1654,OO,6397,N934SW,80,82,59,-8,-6,SFO,ONT,363,4,17,0,,0,,,,,
2008,8,22,5,751,755,1054,1100,OO,2532,N506CA,123,125,105,-6,-4,MKE,BDL,780,2,16,0,,0,,,,,
2008,8,30,6,1453,1455,2309,2325,UA,164,N537UA,316,330,302,-16,-2,LAX,BOS,2611,5,9,0,,0,,,,,
2008,8,1,5,1411,1404,1743,1727,UA,168,N587UA,152,143,120,16,7,SJC,DEN,948,23,9,0,,0,0,0,9,0,7
2008,8,10,7,2029,1940,2219,2119,UA,303,N456UA,230,219,209,60,49,IAD,DEN,1452,6,15,0,,0,0,0,11,0,49
2008,8,7,4,728,736,820,820,UA,589,N310UA,112,104,76,0,-8,BUF,ORD,473,7,29,0,,0,,,,,
2008,8,30,6,541,540,752,746,UA,1558,N473UA,131,126,92,6,1,MCO,IAD,758,4,35,0,,0,,,,,
2008,8,1,5,1249,1244,1404,1359,UA,1574,N449UA,75,75,41,5,5,LAX,LAS,236,7,27,0,,0,,,,,
2008,8,6,3,2252,2300,3,24,US,1738,N742PS,71,84,52,-21,-8,PHL,BOS,280,3,16,0,,0,,,,,
2008,8,20,3,1248,1215,1548,1505,US,1651,N432US,180,170,155,43,33,PHL,MIA,1013,17,8,0,,0,0,0,10,0,33
2008,8,22,5,1344,1340,2056,2043,US,1546,N185UW,252,243,220,13,4,PHX,CLT,1774,8,24,0,,0,,,,,
2008,8,1,5,645,640,823,820,WN,2553,N427WN,98,100,83,3,5,RNO,SEA,564,6,9,0,,0,,,,,
2008,8,2,6,1155,1155,1329,1340,WN,1542,N526SW,94,105,81,-11,0,PDX,OAK,543,6,7,0,,0,,,,,
2008,8,21,4,950,950,1546,1543,DL,349,N834MH,236,233,198,3,0,SLC,ATL,1589,10,28,0,,0,,,,,
2008,8,3,7,1240,1212,1320,1235,EV,4253,N637AS,100,83,73,45,28,ATL,VPS,264,10,17,0,,0,28,0,17,0,0
2008,8,27,3,1734,1740,1829,1844,EV,4311,N832AS,55,64,39,-15,-6,TLH,MCO,227,9,7,0,,0,,,,,
2008,8,9,6,2033,2004,2323,2253,F9,780,N923FR,110,109,85,30,29,LAS,DEN,629,8,17,0,,0,24,0,6,0,0
2008,8,9,6,652,700,850,905,FL,418,N978AT,118,125,99,-15,-8,IND,MCO,828,9,10,0,,0,,,,,
2008,8,10,7,1312,1317,1603,1549,FL,280,N604AT,171,152,150,14,-5,ATL,BOS,946,8,13,0,,0,,,,,
2008,8,17,7,1723,1726,1855,1907,FL,619,N977AT,92,101,74,-12,-3,TPA,ATL,406,10,8,0,,0,,,,,
2008,8,26,2,1157,1141,1501,1433,FL,383,N937AT,124,112,110,28,16,MLI,ATL,633,6,8,0,,0,0,0,12,0,16
2008,8,27,3,1150,1152,1334,1334,FL,674,N893AT,164,162,144,0,-2,MCO,MKE,1066,5,15,0,,0,,,,,
2008,8,8,5,1127,1133,1212,1215,HA,167,N480HA,45,42,28,-3,-6,KOA,HNL,163,7,10,0,,0,,,,,
2008,8,30,6,1601,1600,1642,1643,HA,208,N487HA,41,43,28,-1,1,HNL,KOA,163,4,9,0,,0,,,,,
2008,8,19,2,1326,1230,1428,1335,MQ,3407,N688AE,62,65,46,53,56,DFW,LBB,282,4,12,0,,0,53,0,0,0,0
2008,8,15,5,1516,1500,1714,1705,MQ,3462,N907AE,118,125,92,9,16,PIA,DFW,673,18,8,0,,0,,,,,
2008,8,23,6,2055,1840,2204,1945,MQ,3493,N503AE,189,185,165,139,135,DFW,SBA,1315,7,17,0,,0,0,118,4,0,17
2008,8,24,7,1409,1410,1748,1800,MQ,3881,N502AE,159,170,130,-12,-1,DFW,PIT,1068,7,22,0,,0,,,,,
2008,8,25,1,1503,1500,1541,1545,MQ,3957,N675AE,38,45,25,-4,3,ORD,MSN,109,3,10,0,,0,,,,,
2008,8,27,3,1407,1410,1543,1600,MQ,4177,N687JS,36,50,24,-17,-3,ORD,GRR,137,3,9,0,,0,,,,,
2008,8,28,4,2140,2140,2234,2225,MQ,4379,N639AE,54,45,29,9,0,ORD,PIA,130,3,22,0,,0,,,,,
2008,8,15,5,1457,1455,1617,1630,MQ,4419,N843AE,140,155,117,-13,2,HPN,ORD,738,10,13,0,,0,,,,,
2008,8,8,5,828,830,1556,1603,NW,332,N349NW,268,273,240,-7,-2,LAX,DTW,1979,15,13,0,,0,,,,,
2008,8,22,5,1304,1310,1546,1605,NW,614,N372NW,102,115,75,-19,-6,MSP,DTW,528,12,15,0,,0,,,,,
2008,8,15,5,836,840,1019,1026,NW,952,N758NW,103,106,79,-7,-4,MEM,MKE,556,8,16,0,,0,,,,,
2008,8,11,1,1323,1331,1638,1659,NW,1696,N8921E,135,148,112,-21,-8,MSP,CLT,930,4,19,0,,0,,,,,
2008,8,14,4,710,715,757,806,9E,4705,87719E,47,51,25,-9,-5,LSE,MSP,120,8,14,0,,0,,,,,
2008,8,7,4,940,945,1037,1040,9E,5930,88949E,57,55,36,-3,-5,MEM,HSV,184,6,15,0,,0,,,,,
2008,8,13,3,1133,1125,1253,1245,AA,1258,N446AA,80,80,56,8,8,MSP,ORD,334,5,19,0,,0,,,,,
2008,8,18,1,1123,1120,1323,1330,AA,1517,N5BYAA,180,190,154,-7,3,MIA,ORD,1197,6,20,0,,0,,,,,
2008,8,9,6,2109,2055,2316,2305,AA,2357,N4XBAA,127,130,104,11,14,ORD,DFW,802,3,20,0,,0,,,,,
2008,8,3,7,1348,1335,2210,2219,B6,636,N520JB,322,344,296,-9,13,SFO,BOS,2704,5,21,0,,0,,,,,
2008,8,5,2,755,805,1056,1110,B6,553,N637JB,181,185,146,-14,-10,EWR,RSW,1068,4,31,0,,0,,,,,
2008,8,5,2,644,645,912,759,CO,401,N17620,208,134,174,73,-1,IND,IAH,845,7,27,0,,0,0,0,73,0,0
2008,8,8,5,555,600,1128,1140,DL,912,N614DL,213,220,187,-12,-5,SLC,ATL,1589,11,15,0,,0,,,,,
2008,8,11,1,628,630,731,742,DL,1907,N915DE,63,72,41,-11,-2,BOS,LGA,185,2,20,0,,0,,,,,
2008,8,12,2,2158,2135,2228,2158,DL,741,N991DL,90,83,52,30,23,ATL,MEM,332,8,30,0,,0,0,10,20,0,0
2008,8,16,6,1228,1230,1437,1422,DL,687,N688DL,249,232,222,15,-2,ATL,SLC,1589,5,22,0,,0,0,0,15,0,0
2008,9,4,4,801,805,1047,1050,WN,1533,N434WN,166,165,148,-3,-4,MCO,PVD,1073,4,14,0,,0,,,,,
2008,9,7,7,725,725,727,730,WN,872,N202WN,62,65,51,-3,0,CMH,MDW,284,4,7,0,,0,,,,,
2008,9,7,7,1215,1215,1334,1330,WN,675,N482WN,79,75,61,4,0,SNA,OAK,371,5,13,0,,0,,,,,
2008,9,8,1,808,810,914,920,WN,1198,N706SW,66,70,50,-6,-2,BUR,OAK,325,8,8,0,,0,,,,,
2008,9,8,1,1123,1120,1306,1310,WN,166,N401WN,103,110,91,-4,3,SMF,PHX,647,6,6,0,,0,,,,,
2008,9,14,7,1302,1300,1857,1900,WN,1197,N237WN,235,240,219,-3,2,PDX,MDW,1751,5,11,0,,0,,,,,
2008,9,15,1,1528,1525,1730,1800,WN,374,N257WN,242,275,229,-30,3,MDW,OAK,1844,5,8,0,,0,,,,,
2008,9,16,2,639,645,830,835,WN,1312,N422WN,111,110,80,-5,-6,RNO,SEA,564,21,10,0,,0,,,,,
2008,9,18,4,920,925,1039,1050,WN,1638,N603SW,139,145,127,-11,-5,MCO,STL,880,3,9,0,,0,,,,,
2008,9,19,5,1040,1035,1220,1210,WN,1058,N283WN,100,95,82,10,5,SEA,RNO,564,5,13,0,,0,,,,,
2008,9,24,3,1330,1330,1411,1420,WN,323,N333SW,41,50,27,-9,0,RSW,MCO,133,7,7,0,,0,,,,,
2008,9,25,4,711,710,809,815,WN,923,N476WN,58,65,48,-6,1,SJC,BUR,296,2,8,0,,0,,,,,
2008,9,30,2,1621,1625,1741,1740,WN,1003,N483WN,80,75,41,1,-4,LAS,LAX,236,20,19,0,,0,,,,,
2008,9,30,2,711,715,914,920,WN,1476,N323SW,63,65,47,-6,-4,PHX,ABQ,328,4,12,0,,0,,,,,
2008,9,30,2,608,610,945,950,WN,411,N764SW,157,160,134,-5,-2,SEA,DEN,1024,8,15,0,,0,,,,,
2008,9,13,6,,1410,,1717,XE,2957,,,127,,,,IAH,JAX,817,,,1,B,0,,,,,
2008,9,28,7,628,627,657,712,XE,2348,N15574,29,45,20,-15,1,CLL,IAH,74,5,4,0,,0,,,,,
2008,9,25,4,1643,1647,1830,1841,YV,2771,N17275,107,114,86,-11,-4,PHX,MRY,598,8,13,0,,0,,,,,
2008,9,5,5,1933,1935,2105,2107,OH,6316,N920CA,92,92,75,-2,-2,CVG,ROC,461,5,12,0,,0,,,,,
2008,9,9,2,1555,1600,1820,1829,OH,6278,N590SW,85,89,68,-9,-5,CID,CVG,419,2,15,0,,0,,,,,
2008,9,12,5,1516,1520,1645,1644,OH,6399,N514CA,89,84,65,1,-4,CVG,CAE,404,7,17,0,,0,,,,,
2008,9,15,1,1430,1315,1618,1512,OH,6463,N972CA,108,117,80,66,75,LGA,RDU,431,4,24,0,,0,66,0,0,0,0
2008,9,21,7,1359,1359,1526,1510,OH,6760,N409CA,87,71,21,16,0,JFK,PHL,94,6,60,0,,0,0,0,16,0,0
2008,9,30,2,2122,2130,2340,2335,OH,6631,N369CA,138,125,92,5,-8,ATL,PHL,665,10,36,0,,0,,,,,
2008,9,1,1,1649,1650,1809,1817,OO,3634,N576SW,80,87,60,-8,-1,SLC,WYS,273,2,18,0,,0,,,,,
2008,9,7,7,931,938,1034,1045,OO,3582,N581SW,63,67,47,-11,-7,SUN,SLC,223,5,11,0,,0,,,,,
2008,9,8,1,2228,2029,13,2206,OO,5983,N778SK,105,97,72,127,119,ORD,SGF,438,4,29,0,,0,0,0,8,0,119
2008,9,14,7,1013,1006,1114,1113,OO,6079,N970SW,61,67,40,1,7,DEN,DRO,251,6,15,0,,0,,,,,
2008,9,18,4,952,955,1239,1246,OO,3794,N368CA,107,111,86,-7,-3,LGB,SLC,589,6,15,0,,0,,,,,
2008,9,28,7,637,645,731,747,OO,3857,N429SW,54,62,39,-16,-8,GJT,SLC,217,5,10,0,,0,,,,,
2008,9,26,5,1244,1231,1811,1744,UA,316,N588UA,207,193,182,27,13,DEN,IAD,1452,8,17,0,,0,0,0,14,0,13
2008,9,27,6,556,600,719,745,UA,389,N588UA,203,225,184,-26,-4,IAD,DEN,1452,7,12,0,,0,,,,,
2008,9,29,1,1500,1329,1738,1620,UA,432,N382UA,98,111,83,78,91,ORD,CLT,599,6,9,0,,0,78,0,0,0,0
2008,9,12,5,1642,1644,1856,1744,UA,625,N372UA,194,120,98,72,-2,DCA,ORD,612,6,90,0,,0,0,0,72,0,0
2008,9,20,6,1236,1137,1350,1305,UA,858,N572UA,74,88,49,45,59,SFO,LAX,337,6,19,0,,0,0,0,0,0,45
2008,9,15,1,1331,1336,1431,1449,UA,1574,N445UA,60,73,42,-18,-5,LAX,LAS,236,6,12,0,,0,,,,,
2008,9,20,6,1458,1455,1710,1700,UA,1623,N483UA,252,245,229,10,3,MSY,LAX,1671,6,17,0,,0,,,,,
2008,9,3,3,1235,1120,1518,1412,US,143,N631AW,163,172,143,66,75,SEA,PHX,1107,4,16,0,,0,66,0,0,0,0
2008,9,11,4,2027,2011,2309,2251,US,587,N305AW,162,160,141,18,16,PHX,GEG,1020,5,16,0,,0,0,0,2,0,16
2008,9,12,5,656,700,827,816,US,2160,N768US,91,76,58,11,-4,DCA,LGA,214,9,24,0,,0,,,,,
2008,9,16,2,1357,1400,1506,1510,US,76,N601AW,69,70,42,-4,-3,SNA,LAS,226,15,12,0,,0,,,,,
2008,9,26,5,1000,959,1649,1640,US,610,N801AW,229,221,196,9,1,PHX,ATL,1587,9,24,0,,0,,,,,
2008,9,29,1,1031,1023,1317,1327,US,71,N647AW,166,184,135,-10,8,PHX,SEA,1107,8,23,0,,0,,,,,
2008,9,16,2,1226,1232,1412,1432,DL,1603,N914DL,106,120,89,-20,-6,ATL,BUF,712,5,12,0,,0,,,,,
2008,9,28,7,1326,1329,1841,1835,DL,826,N926DL,195,186,163,6,-3,ABQ,ATL,1269,21,11,0,,0,,,,,
2008,9,7,7,1431,1437,1446,1458,EV,4341,N634AS,75,81,57,-12,-6,ATL,PFN,247,3,15,0,,0,,,,,
2008,9,26,5,1244,1230,1430,1430,EV,4165,N926EV,106,120,87,0,14,MDT,ATL,619,11,8,0,,0,,,,,
2008,9,7,7,1627,1633,1814,1819,FL,176,N895AT,107,106,74,-5,-6,ATL,DCA,547,7,26,0,,0,,,,,
2008,9,17,3,1758,1803,2127,2123,FL,514,N329AT,149,140,134,4,-5,MKE,LGA,738,5,10,0,,0,,,,,
2008,9,24,3,854,855,943,944,HA,121,N477HA,49,49,37,-1,-1,ITO,HNL,216,5,7,0,,0,,,,,
2008,9,24,3,1258,1300,1427,1431,MQ,3209,N904AE,89,91,68,-4,-2,DFW,AEX,285,5,16,0,,0,,,,,
2008,9,27,6,645,650,852,855,MQ,3444,N690AE,127,125,99,-3,-5,PIA,DFW,673,20,8,0,,0,,,,,
2008,9,16,2,2050,2055,2318,2335,MQ,3971,N830AE,148,160,130,-17,-5,MIA,CVG,948,7,11,0,,0,,,,,
2008,9,17,3,1044,1050,1314,1320,MQ,4062,N674RJ,90,90,68,-6,-6,ORD,BUF,473,3,19,0,,0,,,,,
2008,9,9,2,1716,1720,1904,1916,NW,185,N351NW,228,236,201,-12,-4,MSP,SAN,1532,5,22,0,,0,,,,,
2008,9,20,6,1204,1205,1729,1745,NW,198,N330NW,205,220,187,-16,-1,SJC,MSP,1576,6,12,0,,0,,,,,
2008,9,2,2,1722,1635,1845,1742,NW,953,N339NB,143,127,119,63,47,MCO,MEM,683,6,18,0,,0,47,0,16,0,0
2008,9,6,6,1007,1017,1242,1236,NW,1104,N331NB,95,79,54,6,-10,MSN,DTW,312,12,29,0,,0,,,,,
2008,9,21,7,624,620,728,728,NW,1732,N785NC,64,68,42,0,4,BHM,MEM,211,7,15,0,,0,,,,,
2008,9,12,5,1234,1230,1434,1423,9E,2872,89239E,120,113,71,11,4,IAD,DTW,383,8,41,0,,0,,,,,
2008,9,5,5,1842,1845,1945,1955,9E,2985,85069E,63,70,32,-10,-3,CMH,DTW,155,18,13,0,,0,,,,,
2008,9,13,6,555,600,759,810,9E,3730,86969E,124,130,101,-11,-5,CHS,DTW,668,10,13,0,,0,,,,,
2008,9,24,3,1728,1735,1839,1835,9E,5702,89149E,131,120,87,4,-7,PIT,MEM,652,36,8,0,,0,,,,,
2008,9,18,4,1745,1750,2028,2040,AA,1220,N3DGAA,103,110,85,-12,-5,MSY,MIA,674,7,11,0,,0,,,,,
2008,9,26,5,2232,1900,32,2140,AA,1297,N513AA,120,160,101,172,212,LGA,ATL,761,4,15,0,,0,29,0,0,0,143
2008,9,23,2,1716,1720,2134,2105,AA,1312,N5ESAA,258,225,242,29,-4,SJU,BDL,1666,7,9,0,,0,0,0,29,0,0
2008,9,15,1,1247,1250,1620,1630,AA,1534,N551AA,153,160,123,-10,-3,DFW,DTW,987,8,22,0,,0,,,,,
2008,9,12,5,1146,1150,1306,1305,AA,1896,N401AA,80,75,43,1,-4,LAX,LAS,236,9,28,0,,0,,,,,
2008,9,7,7,1611,1555,1803,1741,AS,367,N774AS,112,106,89,22,16,SMF,SEA,605,7,16,0,,0,16,0,6,0,0
2008,9,10,3,2130,2140,2239,2257,AS,721,N783AS,69,77,55,-18,-10,LAX,SFO,337,6,8,0,,0,,,,,
2008,9,18,4,1102,1105,1316,1324,AS,252,N760AS,134,139,121,-8,-3,PDX,LAX,834,4,9,0,,0,,,,,
2008,9,2,2,2145,2140,2302,2311,B6,1026,N229JB,77,91,44,-9,5,JFK,BOS,187,4,29,0,,0,,,,,
2008,9,16,2,1629,1635,1756,1804,B6,1308,N588JB,87,89,54,-8,-6,IAD,JFK,228,8,25,0,,0,,,,,
2008,9,21,7,2040,2050,2208,2220,B6,1260,N197JB,88,90,63,-12,-10,IAD,BOS,413,5,20,0,,0,,,,,
2008,9,13,6,1643,1640,1741,1754,DL,37,N383DN,238,254,220,-13,3,CVG,LAS,1678,6,12,0,,0,,,,,
2008,9,14,7,2115,2115,2137,2145,DL,1207,N3750D,82,90,54,-8,0,SLC,LAS,368,8,20,0,,0,,,,,
2008,10,3,5,2027,2025,2348,2355,WN,1403,N787SA,141,150,126,-7,2,MDW,MCO,989,5,10,0,,0,,,,,
2008,10,3,5,917,915,1025,1030,WN,1790,N351SW,68,75,56,-5,2,OAK,ONT,361,5,7,0,,0,,,,,
2008,10,4,6,1405,1405,1601,1610,WN,1407,N640SW,56,65,45,-9,0,MDW,SDF,271,3,8,0,,0,,,,,
2008,10,9,4,1538,1515,1721,1650,WN,187,N618WN,103,95,81,31,23,MHT,PHL,290,4,18,0,,0,1,0,8,0,22
2008,10,9,4,734,735,1323,1340,WN,939,N468WN,229,245,214,-17,-1,SJC,MDW,1838,5,10,0,,0,,,,,
2008,10,12,7,1254,1245,1409,1355,WN,2123,N684WN,75,70,63,14,9,CMH,BWI,336,4,8,0,,0,,,,,
2008,10,13,1,1159,1200,1248,1255,WN,24,N633SW,49,55,40,-7,-1,HOU,DAL,239,3,6,0,,0,,,,,
2008,10,15,3,912,915,1031,1045,WN,631,N390SW,79,90,65,-14,-3,SAN,OAK,446,5,9,0,,0,,,,,
2008,10,16,4,1727,1720,1825,1825,WN,216,N647SW,58,65,48,0,7,ONT,SJC,333,3,7,0,,0,,,,,
2008,10,17,5,921,920,1010,1030,WN,1073,N759GS,109,130,98,-20,1,MCI,ABQ,718,3,8,0,,0,,,,,
2008,10,21,2,1711,1715,1851,1910,WN,1651,N361SW,100,115,86,-19,-4,HOU,BNA,670,7,7,0,,0,,,,,
2008,10,23,4,1150,1150,1325,1330,WN,1148,N343SW,95,100,65,-5,0,LAS,SMF,397,4,26,0,,0,,,,,
2008,10,25,6,800,805,901,910,WN,1045,N641SW,61,65,50,-9,-5,DAL,LBB,293,2,9,0,,0,,,,,
2008,10,27,1,1708,1640,1804,1735,WN,2723,N657SW,56,55,44,29,28,TPA,FLL,197,4,8,0,,0,1,0,1,0,27
2008,10,29,3,2224,2040,2318,2150,WN,826,N640SW,54,70,44,88,104,BDL,BWI,283,3,7,0,,0,88,0,0,0,0
2008,10,29,3,657,700,738,745,WN,565,N680AA,41,45,29,-7,-3,HOU,AUS,148,4,8,0,,0,,,,,
2008,10,30,4,1330,1330,1434,1440,WN,385,N502SW,64,70,47,-6,0,SAN,PHX,304,4,13,0,,0,,,,,
2008,10,30,4,1052,1055,1203,1210,WN,239,N284WN,71,75,55,-7,-3,SJC,LAX,308,7,9,0,,0,,,,,
2008,10,27,1,1217,1220,1352,1355,XE,2668,N11176,95,95,83,-3,-3,CLE,CLT,430,4,8,0,,0,,,,,
2008,10,19,7,653,655,757,759,XE,2462,N13903,64,64,50,-2,-2,EWR,BUF,282,3,11,0,,0,,,,,
2008,10,1,3,1349,1359,1454,1517,XE,2043,N11140,65,78,54,-23,-10,DCA,CLE,310,4,7,0,,0,,,,,
2008,10,30,4,654,655,642,640,OO,2631,N498CA,48,45,25,2,-1,GRR,MKE,120,4,19,0,,0,,,,,
2008,10,21,2,628,630,747,750,OO,3871,N460SW,79,80,65,-3,-2,BIL,SLC,387,5,9,0,,0,,,,,
2008,10,28,2,1205,1158,1322,1316,OO,5478,N576SW,77,78,57,6,7,SFO,ACV,250,5,15,0,,0,,,,,
2008,10,23,4,1857,1855,2222,2229,OO,6604,N762SK,145,154,132,-7,2,DEN,BHM,1082,4,9,0,,0,,,,,
2008,10,9,4,1258,1310,1407,1425,OO,7772,N298SW,69,75,55,-18,-12,SGU,SLC,269,5,9,0,,0,,,,,
2008,10,27,1,2055,2055,12,7,UA,304,N534UA,137,132,115,5,0,LAX,DEN,862,8,14,0,,0,,,,,
2008,10,3,5,940,949,1105,1128,UA,817,N838UA,85,99,57,-23,-9,SFO,LAX,337,12,16,0,,0,,,,,
2008,10,29,3,559,600,631,641,UA,1154,N807UA,92,101,70,-10,-1,PIT,ORD,412,4,18,0,,0,,,,,
2008,10,1,3,1958,2002,2239,2258,US,70,N804AW,161,176,146,-19,-4,PHX,SEA,1107,3,12,0,,0,,,,,
2008,10,2,4,801,805,919,921,US,335,N649AW,258,256,229,-2,-4,DTW,PHX,1671,17,12,0,,0,,,,,
2008,10,7,2,615,625,757,816,US,1503,N704US,102,111,82,-19,-10,BUF,CLT,546,4,16,0,,0,,,,,
2008,10,7,2,1317,1315,1436,1430,US,970,N966UW,79,75,59,6,2,PHL,BOS,280,10,10,0,,0,,,,,
2008,10,14,2,811,815,1038,1027,US,252,N804AW,327,312,271,11,-4,PHL,PHX,2075,13,43,0,,0,,,,,
2008,10,15,3,629,630,1422,1438,US,1510,N178US,293,308,268,-16,-1,SAN,PHL,2369,7,18,0,,0,,,,,
2008,10,15,3,1108,1115,1210,1224,US,535,N812AW,62,69,45,-14,-7,SNA,LAS,226,7,10,0,,0,,,,,
2008,10,30,4,1859,1910,2036,2059,US,1149,N746UW,97,109,79,-23,-11,BUF,CLT,546,10,8,0,,0,,,,,
2008,10,31,5,1252,1254,1330,1351,US,980,N757UW,38,57,25,-21,-2,RDU,CLT,130,5,8,0,,0,,,,,
2008,10,1,3,1450,1450,2011,2015,WN,1265,N660SW,201,205,189,-4,0,OAK,MCI,1489,6,6,0,,0,,,,,
2008,10,24,5,1113,1115,1353,1428,DL,607,N3751B,340,373,309,-35,-2,JFK,LAX,2475,6,25,0,,0,,,,,
2008,10,26,7,1323,1225,1506,1422,EV,5212,N707EV,103,117,88,44,58,ATL,ROC,749,5,10,0,,0,18,0,0,0,26
2008,10,12,7,1919,1929,2005,2016,EV,5437,N980EV,106,107,77,-11,-10,ATL,PIA,564,3,26,0,,0,,,,,
2008,10,27,1,1439,1453,1730,1759,EV,5460,N927EV,111,126,84,-29,-14,TUL,ATL,674,10,17,0,,0,,,,,
2008,10,7,2,1414,1420,1607,1623,EV,5461,N920EV,113,123,98,-16,-6,GRR,ATL,640,10,5,0,,0,,,,,
2008,10,6,1,1859,1900,2349,2354,F9,491,N938FR,170,174,151,-5,-1,DEN,CAK,1224,4,15,0,,0,,,,,
2008,10,17,5,2146,2130,2317,2254,F9,419,N941FR,151,144,122,23,16,DEN,LAX,862,7,22,0,,0,1,0,15,0,7
2008,10,3,5,1055,1100,1615,1623,FL,221,N290AT,200,203,184,-8,-5,LAS,MKE,1524,4,12,0,,0,,,,,
2008,10,23,4,1752,1757,1824,1827,HA,240,N476HA,32,30,20,-3,-5,LIH,HNL,102,6,6,0,,0,,,,,
2008,10,27,1,1007,1010,1111,1110,MQ,3370,N932MQ,64,60,46,1,-3,FSM,DFW,228,9,9,0,,0,,,,,
2008,10,6,1,1325,1330,1416,1425,MQ,4395,N657MQ,51,55,22,-9,-5,MSN,ORD,109,9,20,0,,0,,,,,
2008,10,13,1,1822,1830,1930,1940,MQ,4703,N713MQ,128,130,103,-10,-8,RDU,STL,667,6,19,0,,0,,,,,
2008,10,16,4,1410,1320,1647,1535,MQ,4898,N730MQ,157,135,84,72,50,CLT,LGA,544,6,67,0,,0,0,0,72,0,0
2008,10,29,3,1308,1315,1702,1723,NW,584,N373NW,174,188,144,-21,-7,MSP,MCO,1310,9,21,0,,0,,,,,
2008,10,21,2,837,845,1214,1230,NW,704,N366NB,157,165,124,-16,-8,DFW,DTW,987,18,15,0,,0,,,,,
2008,10,13,1,1919,1925,2018,2029,NW,924,N355NB,59,64,37,-11,-6,MSP,MSN,228,6,16,0,,0,,,,,
2008,10,15,3,1656,1702,1932,1947,NW,1740,N763NW,96,105,80,-15,-6,BNA,DTW,457,7,9,0,,0,,,,,
2008,10,10,5,1110,1115,1237,1240,9E,2957,89829E,87,85,58,-3,-5,SDF,DTW,306,15,14,0,,0,,,,,
2008,10,24,5,1933,1934,1951,1959,9E,2994,86749E,78,85,51,-8,-1,DTW,ATW,297,8,19,0,,0,,,,,
2008,10,11,6,1222,1225,1406,1407,9E,5851,86949E,104,102,60,-1,-3,ROA,DTW,382,32,12,0,,0,,,,,
2008,10,12,7,821,826,949,1000,9E,5929,80259E,148,154,127,-11,-5,MEM,DEN,872,5,16,0,,0,,,,,
2008,10,5,7,1330,1320,1712,1715,AA,350,N233AA,162,175,146,-3,10,ELP,ORD,1236,5,11,0,,0,,,,,
2008,10,9,4,1337,1240,1643,1550,AA,370,N418AA,126,130,99,53,57,ORD,LGA,733,7,20,0,,0,0,0,53,0,0
2008,10,31,5,1358,1405,2007,2005,AA,580,N4YNAA,249,240,221,2,-7,SAN,ORD,1723,15,13,0,,0,,,,,
2008,10,30,4,730,730,1100,1115,AA,869,N611AA,150,165,129,-15,0,DFW,MIA,1121,11,10,0,,0,,,,,
2008,10,31,5,1718,1725,2156,2205,AA,1508,N3CRAA,158,160,143,-9,-7,SNA,DFW,1205,6,9,0,,0,,,,,
2008,10,9,4,1214,1220,1554,1535,AA,1570,N5DKAA,220,195,148,19,-6,MIA,EWR,1086,5,67,0,,0,0,0,19,0,0
2008,10,14,2,726,725,908,911,AS,366,N617AS,102,106,84,-3,1,SEA,SMF,605,6,12,0,,0,,,,,
2008,10,24,5,1257,1304,2103,2059,AS,6,N596AS,306,295,270,4,-7,LAX,DCA,2311,3,33,0,,0,,,,,
2008,10,16,4,831,835,1200,1152,B6,481,N594JB,389,377,362,8,-4,BOS,LGB,2602,4,23,0,,0,,,,,
2008,10,20,1,2221,2230,2352,4,B6,30,N657JB,91,94,55,-12,-9,JFK,ROC,264,5,31,0,,0,,,,,
2008,10,24,5,1559,1604,1843,1830,CO,1534,N52616,164,146,141,13,-5,TPA,CLE,927,9,14,0,,0,,,,,
2008,10,22,3,1701,1645,1915,1830,CO,524,N36280,134,105,88,45,16,CLE,EWR,404,9,37,0,,0,0,0,45,0,0
2008,10,14,2,2114,2115,2321,2335,CO,752,N24729,187,200,166,-14,-1,IAH,SLC,1195,10,11,0,,0,,,,,
2008,10,3,5,1449,1454,1644,1654,CO,1545,N87513,175,180,155,-10,-5,CLE,IAH,1091,8,12,0,,0,,,,,
2008,10,11,6,607,610,739,744,DL,1167,N920DE,92,94,69,-5,-3,BWI,CVG,430,5,18,0,,0,,,,,
2008,11,3,1,729,730,907,925,WN,2024,N227WN,158,175,141,-18,-1,TPA,MCI,1048,5,12,0,,0,,,,,
2008,11,4,2,2057,2050,2200,2155,WN,1575,N365SW,63,65,44,5,7,LAS,SAN,258,4,15,0,,0,,,,,
2008,11,4,2,1916,1920,2135,2155,WN,451,N906WN,139,155,127,-20,-4,TPA,ISP,1034,4,8,0,,0,,,,,
2008,11,5,3,1437,1440,1532,1550,WN,1411,N204WN,115,130,104,-18,-3,PHX,SFO,651,5,6,0,,0,,,,,
2008,11,11,2,2150,2035,2328,2200,WN,296,N507SW,98,85,88,88,75,HOU,MAF,441,4,6,0,,0,0,0,13,0,75
2008,11,12,3,1434,1415,1536,1520,WN,195,N498WN,62,65,51,16,19,OAK,BUR,325,2,9,0,,0,15,0,0,0,1
2008,11,16,7,1950,1950,33,35,WN,3749,N226WN,163,165,146,-2,0,LAS,MCI,1140,6,11,0,,0,,,,,
2008,11,17,1,957,955,1156,1200,WN,1273,N363SW,119,125,103,-4,2,MCO,BWI,787,4,12,0,,0,,,,,
2008,11,17,1,1609,1610,1708,1720,WN,274,N421LV,59,70,50,-12,-1,ONT,SJC,333,2,7,0,,0,,,,,
2008,11,20,4,1747,1740,1803,1805,WN,2091,N487WN,76,85,66,-2,7,PHX,BUR,369,2,8,0,,0,,,,,
2008,11,20,4,915,920,1136,1150,WN,2092,N606SW,201,210,187,-14,-5,STL,PHX,1262,7,7,0,,0,,,,,
2008,11,24,1,1047,1035,1135,1130,WN,1063,N687SW,48,55,38,5,12,AUS,DAL,189,2,8,0,,0,,,,,
2008,11,24,1,729,730,836,845,WN,2255,N733SA,67,75,54,-9,-1,SJC,ONT,333,4,9,0,,0,,,,,
2008,11,30,7,844,840,1003,957,XE,2880,N14972,79,77,59,6,4,CLE,DCA,310,6,14,0,,0,,,,,
2008,11,22,6,1927,1925,2102,2048,XE,2237,N14939,95,83,60,14,2,IAH,OKC,395,4,31,0,,0,,,,,
2008,11,16,7,1733,1735,1907,1917,XE,2648,N11109,94,102,73,-10,-2,IAH,BHM,562,5,16,0,,0,,,,,
2008,11,13,4,1217,1220,1557,1603,XE,3078,N14105,160,163,142,-6,-3,IAH,RIC,1157,5,13,0,,0,,,,,
2008,11,11,2,617,620,829,846,XE,1270,N12900,132,146,102,-17,-3,ATL,EWR,745,18,12,0,,0,,,,,
2008,11,10,1,1506,1445,1545,1517,YV,1027,N87353,39,32,22,28,21,OGG,HNL,100,7,10,0,,0,28,0,0,0,0
2008,11,12,3,558,600,729,739,YV,7129,N455YV,91,99,61,-10,-2,GCC,DEN,313,8,22,0,,0,,,,,
2008,11,19,3,1759,1726,1844,1822,YV,7146,N75992,105,116,84,22,33,TYS,ORD,475,6,15,0,,0,0,0,22,0,0
2008,11,20,4,1528,1535,1621,1615,YV,1016,N27318,53,40,30,6,-7,HNL,KOA,163,4,19,0,,0,,,,,
2008,11,25,2,1522,1528,1511,1530,YV,7154,N650ML,49,62,32,-19,-6,FWA,ORD,157,6,11,0,,0,,,,,
2008,11,12,3,1928,1934,2026,2024,NW,1677,N783NC,118,110,76,2,-6,DTW,STL,440,9,33,0,,0,,,,,
2008,11,25,2,1155,1156,1240,1238,NW,1795,N600TR,45,42,22,2,-1,DTW,FNT,56,5,18,0,,0,,,,,
2008,11,23,7,1255,1305,1508,1519,OH,6804,N548CA,73,74,50,-11,-10,MOB,ATL,302,10,13,0,,0,,,,,
2008,11,30,7,920,900,1055,1040,OH,6638,N924CA,95,100,69,15,20,DCA,BOS,399,5,21,0,,0,0,15,0,0,0
2008,11,28,5,1125,1115,1216,1210,OO,4665,N448SW,111,115,91,6,10,SLC,ACV,635,6,14,0,,0,,,,,
2008,11,17,1,939,946,1034,1053,OO,5448,N270YV,55,67,42,-19,-7,SBP,SFO,191,4,9,0,,0,,,,,
2008,11,11,2,1644,1654,1735,1739,OO,5765,N224SW,51,45,39,-4,-10,RDM,PDX,116,4,8,0,,0,,,,,
2008,11,16,7,1617,1623,1747,1750,UA,119,N516UA,90,87,58,-3,-6,SFO,LAX,337,14,18,0,,0,,,,,
2008,11,22,6,811,813,1207,939,UA,471,N434UA,,146,,,-2,DEN,SAN,853,6,13,0,,1,,,,,
2008,11,12,3,1813,1820,1931,1954,UA,522,N586UA,78,94,64,-23,-7,SAN,SFO,447,5,9,0,,0,,,,,
2008,11,19,3,600,600,612,619,UA,1205,N423UA,72,79,49,-7,0,DTW,ORD,235,4,19,0,,0,,,,,
2008,11,20,4,1325,1325,1547,1604,UA,1558,N477UA,142,159,125,-17,0,MIA,IAD,921,8,9,0,,0,,,,,
2008,11,5,3,1830,1833,1922,1933,UA,1605,N446UA,112,120,95,-11,-3,DEN,LAS,629,7,10,0,,0,,,,,
2008,11,17,1,956,958,1526,1524,US,460,N658AW,210,206,178,2,-2,PHX,IND,1489,10,22,0,,0,,,,,
2008,11,23,7,849,855,1003,1028,US,815,N929UW,74,93,52,-25,-6,BWI,CLT,361,10,12,0,,0,,,,,
2008,11,25,2,657,700,1014,1016,US,1195,N194UW,317,316,281,-2,-3,PHL,PHX,2075,21,15,0,,0,,,,,
2008,11,26,3,955,955,1154,1155,US,1910,N768US,119,120,83,-1,0,CLT,LGA,544,5,31,0,,0,,,,,
2008,11,2,7,1833,1835,1933,1935,WN,56,N648SW,60,60,47,-2,-2,HRL,HOU,276,6,7,0,,0,,,,,
2008,11,14,5,1111,1100,1354,1224,DL,1591,N613DL,163,84,67,90,11,RDU,ATL,356,20,76,0,,0,11,0,79,0,0
2008,11,16,7,1552,1555,1726,1735,DL,1198,N904DL,94,100,69,-9,-3,SRQ,ATL,445,15,10,0,,0,,,,,
2008,11,5,3,2006,2015,2005,2036,EV,4977,N834AS,59,81,40,-31,-9,ATL,MEI,267,3,16,0,,0,,,,,
2008,11,4,2,1232,1235,1358,1404,EV,4986,N730EV,86,89,60,-6,-3,MYR,ATL,317,14,12,0,,0,,,,,
2008,11,24,1,909,842,1005,940,EV,5644,N901EV,56,58,31,25,27,ATL,CAE,191,4,21,0,,0,4,0,0,0,21
2008,11,2,7,1008,1003,1033,1035,F9,439,N913FR,85,92,69,-2,5,OMA,DEN,472,6,10,0,,0,,,,,
2008,11,26,3,1858,1900,2212,2215,F9,148,N914FR,134,135,111,-3,-2,DEN,IAH,861,5,18,0,,0,,,,,
2008,11,9,7,1145,1142,1321,1327,FL,238,N968AT,96,105,80,-6,3,PBI,ATL,545,6,10,0,,0,,,,,
2008,11,10,1,1442,1444,1643,1629,FL,984,N937AT,121,105,88,14,-2,PIT,ATL,526,16,17,0,,0,,,,,
2008,11,12,3,831,835,956,959,FL,865,N922AT,85,84,61,-3,-4,ATL,MCO,403,6,18,0,,0,,,,,
2008,11,13,4,1751,1710,1906,1817,FL,312,N915AT,75,67,46,49,41,ATL,CLT,227,6,23,0,,0,0,0,8,0,41
2008,11,13,4,559,605,814,759,FL,461,N308AT,135,114,113,15,-6,BWI,ATL,576,9,13,0,,0,0,0,15,0,0
2008,11,19,3,919,925,955,1010,MQ,3038,N806MQ,36,45,23,-15,-6,SBA,LAX,89,5,8,0,,0,,,,,
2008,11,5,3,1629,1635,2118,1835,MQ,3579,N695MQ,,120,,,-6,DFW,CID,685,5,18,0,,1,,,,,
2008,11,24,1,1750,1755,2100,2115,MQ,3815,N647MQ,130,140,106,-15,-5,DFW,SAV,925,3,21,0,,0,,,,,
2008,11,24,1,555,600,553,615,MQ,4001,N672MQ,58,75,41,-22,-5,FNT,ORD,223,9,8,0,,0,,,,,
2008,11,26,3,1012,1015,1226,1230,MQ,4357,N661MQ,74,75,49,-4,-3,ORD,CLE,316,5,20,0,,0,,,,,
2008,11,6,4,1701,1655,1923,1915,MQ,4362,N505MQ,82,80,49,8,6,ORD,DTW,235,9,24,0,,0,,,,,
2008,11,3,1,1854,1900,1941,2003,NW,306,N359NW,47,63,27,-22,-6,GRR,DTW,120,13,7,0,,0,,,,,
2008,11,14,5,1920,1842,2027,1945,9E,2416,80399E,67,63,39,42,38,FSD,MSP,197,6,22,0,,0,0,0,4,0,38
2008,11,15,6,618,623,908,905,9E,2959,89779E,110,102,83,3,-5,CID,DTW,431,16,11,0,,0,,,,,
2008,11,1,6,628,630,817,820,9E,5725,89389E,109,110,87,-3,-2,MSN,MEM,559,11,11,0,,0,,,,,
2008,11,4,2,1335,1340,1530,1536,9E,5853,91629E,55,56,29,-6,-5,HSV,ATL,151,10,16,0,,0,,,,,
2008,11,27,4,1209,1210,1652,1640,AA,1008,N567AA,223,210,189,12,-1,DFW,JFK,1391,17,17,0,,0,,,,,
2008,11,24,1,554,600,919,850,AA,1042,N460AA,145,110,110,29,-6,COS,DFW,592,10,25,0,,0,0,0,29,0,0
2008,11,7,5,1448,1430,1545,1535,AA,1298,N227AA,57,65,35,10,18,AUS,DFW,190,9,13,0,,0,,,,,
2008,11,2,7,1635,1640,1758,1810,AA,1371,N214AA,83,90,61,-12,-5,ORD,MSP,334,5,17,0,,0,,,,,
2008,11,17,1,2019,2020,2318,2330,AA,1709,N3DDAA,179,190,157,-12,-1,LGA,MIA,1097,7,15,0,,0,,,,,
2008,11,24,1,813,725,909,835,AA,1839,N459AA,56,70,45,34,48,DFW,SAT,247,3,8,0,,0,34,0,0,0,0
2008,11,27,4,558,600,910,915,AA,2256,N482AA,132,135,111,-5,-2,PHX,DFW,868,5,16,0,,0,,,,,
2008,11,23,7,1345,1355,2148,2135,AS,858,N587AS,363,340,336,13,-10,OGG,SEA,2640,11,16,0,,0,,,,,
2008,11,5,3,1214,1216,1319,1310,B6,273,N595JB,125,114,88,9,-2,SLC,SAN,626,2,35,0,,0,,,,,
2008,11,14,5,1320,1330,1631,1653,B6,760,N606JB,251,263,220,-22,-10,SJU,BOS,1674,6,25,0,,0,,,,,
2008,11,30,7,822,805,1201,1116,B6,19,N562JB,219,191,165,45,17,JFK,FLL,1069,8,46,0,,0,0,0,28,0,17
2008,11,27,4,851,850,1139,1210,CO,1011,N35260,228,260,197,-31,1,EWR,IAH,1400,9,22,0,,0,,,,,
2008,11,6,4,534,535,744,809,CO,1727,N35204,190,214,170,-25,-1,BWI,IAH,1235,9,11,0,,0,,,,,
2008,11,3,1,1857,1900,2207,2234,DL,681,N952DL,190,214,160,-27,-3,JFK,MIA,1090,4,26,0,,0,,,,,
2008,11,5,3,851,855,1208,1222,DL,1275,N6714Q,317,327,269,-14,-4,JFK,SLC,1989,7,41,0,,0,,,,,
2008,11,6,4,1000,1005,1130,1149,DL,1681,N942DL,90,104,76,-19,-5,PIT,ATL,526,5,9,0,,0,,,,,
2008,12,3,3,1251,1250,1349,1400,WN,2710,N797MX,58,70,41,-11,1,LAX,LAS,236,5,12,0,,0,,,,,
2008,12,7,7,1231,1225,1323,1320,WN,265,N219WN,112,115,97,3,6,MCO,BNA,616,4,11,0,,0,,,,,
2008,12,8,1,1618,1620,1649,1635,WN,3187,N258WN,91,75,78,14,-2,AMA,DEN,358,5,8,0,,0,,,,,
2008,12,11,4,1419,1410,1540,1530,WN,329,N711HK,81,80,68,10,9,OAK,SNA,371,4,9,0,,0,,,,,
2008,12,15,1,1719,1720,1928,1940,WN,902,N441WN,189,200,165,-12,-1,FLL,MDW,1166,10,14,0,,0,,,,,
2008,12,15,1,1248,1250,1422,1425,WN,2679,N706SW,94,95,82,-3,-2,MHT,BWI,377,4,8,0,,0,,,,,
2008,12,16,2,656,700,907,920,WN,1753,N218WN,131,140,116,-13,-4,IAD,TPA,810,5,10,0,,0,,,,,
2008,12,18,4,2028,1900,2215,2040,WN,90,N201LV,107,100,88,95,88,LAS,SFO,414,6,13,0,,0,51,0,7,0,37
2008,12,18,4,1751,1335,2101,1705,WN,2936,N679AA,130,150,118,236,256,PHX,MCI,1044,4,8,0,,0,0,0,17,0,219
2008,12,19,5,1934,1825,2045,1935,WN,878,N526SW,131,130,118,70,69,HOU,ABQ,759,5,8,0,,0,4,0,1,0,65
2008,12,19,5,751,740,844,840,WN,2533,N912WN,53,60,39,4,11,LAX,LAS,236,4,10,0,,0,,,,,
2008,12,26,5,1545,1415,1652,1530,WN,404,N440LV,67,75,57,82,90,BUR,OAK,325,4,6,0,,0,5,0,0,0,77
2008,12,27,6,1205,1120,1608,1225,WN,3646,N520SW,,65,,,45,MDW,STL,251,23,14,0,,1,,,,,
2008,12,28,7,2115,2045,2217,2150,WN,307,N249WN,62,65,51,27,30,OAK,BUR,325,3,8,0,,0,8,0,0,0,19
2008,12,3,3,705,705,1056,1102,XE,2624,N18102,171,177,146,-6,0,TUL,EWR,1215,7,18,0,,0,,,,,
2008,12,1,1,906,825,1128,1042,XE,2954,N11189,82,77,60,46,41,MKE,CLE,328,7,15,0,,0,0,41,5,0,0
2008,12,20,6,1121,1125,1213,1220,YV,2980,N917FJ,52,55,33,-7,-4,TUS,PHX,110,7,12,0,,0,,,,,
2008,12,23,2,1045,1007,1358,1331,YV,2887,N938LR,133,144,104,27,38,PHX,AUS,872,8,21,0,,0,27,0,0,0,0
2008,12,30,2,2103,1936,2207,2100,YV,7143,N17156,64,84,47,67,87,IAD,JFK,228,3,14,0,,0,0,0,67,0,0
2008,12,2,2,1810,1815,1959,2004,OH,6395,N721CA,109,109,87,-5,-5,RIC,CVG,413,3,19,0,,0,,,,,
2008,12,5,5,1635,1635,1706,1700,OH,6667,N929CA,91,85,71,6,0,CVG,BHM,396,6,14,0,,0,,,,,
2008,12,7,7,1312,1315,1357,1345,OH,6715,N659BR,105,90,78,12,-3,CVG,CID,419,6,21,0,,0,,,,,
2008,12,27,6,1030,910,1505,1330,OH,6822,N554CA,215,200,186,95,80,IAH,JFK,1417,20,9,0,,0,80,0,15,0,0
2008,12,31,3,2100,2000,2355,2240,OH,6661,N954CA,175,160,104,75,60,JFK,CVG,589,3,68,0,,0,60,0,15,0,0
2008,12,8,1,1954,1935,2334,2235,OO,2558,N472CA,160,120,93,59,19,MKE,PHL,690,7,60,0,,0,0,0,40,0,19
2008,12,28,7,2104,2110,2217,2225,OO,4741,N913EV,133,135,97,-8,-6,SLC,OAK,588,6,30,0,,0,,,,,
2008,12,3,3,642,640,803,752,OO,4781,N453SW,81,72,53,11,2,BTM,SLC,357,5,23,0,,0,,,,,
2008,12,29,1,1144,1148,1248,1255,OO,5446,N271YV,64,67,51,-7,-4,SBP,SFO,191,5,8,0,,0,,,,,
2008,12,12,5,1633,1618,1734,1726,OO,5770,N221SW,61,68,52,8,15,PDX,MFR,222,2,7,0,,0,,,,,
2008,12,9,2,1205,1158,1418,1356,OO,6018,N907SW,133,118,103,22,7,ORD,ICT,588,7,23,0,,0,0,0,15,0,7
2008,12,9,2,2037,2040,2341,2332,OO,6436,N698BR,124,112,97,9,-3,LAX,ABQ,677,7,20,0,,0,,,,,
2008,12,20,6,1027,1008,1157,1133,OO,6593,N955SW,90,85,65,24,19,BIL,DEN,455,5,20,0,,0,0,0,5,0,19
2008,12,16,2,2234,2239,35,49,UA,62,N847UA,121,130,101,-14,-5,SFO,SEA,679,5,15,0,,0,,,,,
2008,12,2,2,806,808,959,1008,UA,347,N375UA,173,180,157,-9,-2,DEN,PDX,992,4,12,0,,0,,,,,
2008,12,10,3,1123,1123,1251,1255,UA,391,N924UA,88,92,76,-4,0,DEN,SLC,391,2,10,0,,0,,,,,
2008,12,1,1,2119,2124,2340,2359,UA,476,N339UA,81,95,70,-19,-5,DEN,TUL,541,3,8,0,,0,,,,,
2008,12,17,3,802,801,1052,1039,UA,885,N794UA,290,278,266,13,1,ORD,SFO,1846,7,17,0,,0,,,,,
2008,12,18,4,1803,1759,,1925,UA,1467,N459UA,,146,,,4,DEN,RNO,804,,25,0,,1,,,,,
2008,12,16,2,1723,1730,1849,1857,US,2042,N713UW,86,87,57,-8,-7,DCA,BOS,399,15,14,0,,0,,,,,
2008,12,28,7,744,750,1058,1105,US,540,N315AW,134,135,113,-7,-6,PHX,DFW,868,6,15,0,,0,,,,,
2008,12,1,1,1604,1540,2307,2255,WN,1921,N716SW,243,255,222,12,24,LAS,JAX,1965,4,17,0,,0,,,,,
2008,12,15,1,1842,1355,2209,1729,DL,1563,N910DE,147,154,117,280,287,MSP,ATL,906,17,13,0,,0,280,0,0,0,0
2008,12,18,4,543,545,758,755,DL,1769,N388DA,75,70,48,3,-2,PNS,ATL,272,14,13,0,,0,,,,,
2008,12,23,2,1950,1950,2130,2122,DL,1578,N635DL,100,92,69,8,0,TPA,ATL,406,21,10,0,,0,,,,,
2008,12,25,4,1602,1555,1823,1844,DL,923,N622DL,141,169,114,-21,7,LGA,ATL,761,8,19,0,,0,,,,,
2008,12,27,6,1206,1150,1404,1329,DL,1595,N624DL,118,99,85,35,16,ATL,PBI,545,5,28,0,,0,0,0,19,0,16
2008,12,5,5,934,935,1027,1039,EV,5424,N848AS,53,64,30,-12,-1,ATL,AVL,164,2,21,0,,0,,,,,
2008,12,11,4,1846,1848,1935,1936,EV,5585,N842AS,109,108,79,-1,-2,ATL,SHV,552,3,27,0,,0,,,,,
2008,12,21,7,1444,1445,1507,1511,EV,4963,N883AS,83,86,58,-4,-1,ATL,GPT,352,2,23,0,,0,,,,,
2008,12,19,5,1832,1835,1950,1955,EV,5101,N879AS,78,80,55,-5,-3,ATL,ILM,377,2,21,0,,0,,,,,
2008,12,2,2,1051,1052,1412,1416,F9,168,N801FR,141,144,121,-4,-1,SJC,DEN,948,10,10,0,,0,,,,,
2008,12,13,6,1324,1329,1424,1426,FL,1903,N948AT,120,117,96,-2,-5,FLL,GPT,620,7,17,0,,0,,,,,
2008,12,19,5,1106,1100,1225,1206,FL,319,N924AT,79,66,52,19,6,CLT,ATL,227,7,20,0,,0,6,0,13,0,0
2008,12,19,5,730,727,939,938,FL,722,N958AT,129,131,113,1,3,DAY,TPA,828,5,11,0,,0,,,,,
2008,12,20,6,1009,940,1446,1410,FL,5,N315AT,217,210,188,36,29,ATL,SJU,1547,5,24,0,,0,0,0,7,0,29
2008,12,24,3,,955,,1100,FL,435,N344AT,,125,,,,ATL,MKE,669,,,1,B,0,,,,,
2008,12,4,4,750,755,911,925,MQ,3156,N823MQ,81,90,66,-14,-5,SJC,SAN,417,4,11,0,,0,,,,,
2008,12,1,1,1635,1525,1746,1615,MQ,4045,N686MQ,71,50,31,91,70,ORD,DBQ,147,2,38,0,,0,70,0,21,0,0
2008,12,8,1,1924,1918,2001,1943,NW,361,N333NB,97,85,50,18,6,DTW,MSN,312,6,41,0,,0,6,0,12,0,0
2008,12,31,3,1011,1012,1126,1144,9E,2941,89369E,75,92,58,-18,-1,DTW,ABE,424,2,15,0,,0,,,,,
2008,12,16,2,1347,1240,1528,1350,AA,1186,N418AA,101,70,53,98,67,STL,ORD,258,11,37,0,,0,50,17,31,0,0
2008,12,1,1,655,655,1058,810,AA,1208,N4YTAA,243,75,90,168,0,STL,ORD,258,124,29,0,,0,0,0,168,0,0
2008,12,7,7,2042,1925,2252,2140,AA,1283,N618AA,190,195,162,72,77,MIA,ORD,1197,12,16,0,,0,56,0,0,0,16
2008,12,18,4,1234,1145,1510,1440,AA,1642,N293AA,96,115,81,30,49,STL,DCA,719,3,12,0,,0,0,0,0,0,30
2008,12,28,7,607,615,913,930,AA,2297,N3BWAA,126,135,106,-17,-8,BNA,MIA,806,10,10,0,,0,,,,,
2008,12,6,6,1207,1216,1253,1310,B6,273,N644JB,106,114,89,-17,-9,SLC,SAN,626,6,11,0,,0,,,,,
2008,12,15,1,649,650,826,815,B6,242,N592JB,97,85,83,11,-1,LGB,OAK,353,3,11,0,,0,,,,,
2008,12,30,2,1240,1245,1356,1415,B6,66,N587JB,76,90,61,-19,-5,JFK,BUF,301,2,13,0,,0,,,,,
2008,12,25,4,2111,2100,2301,2244,CO,1095,N59053,230,224,193,17,11,IAH,LAX,1379,21,16,0,,0,11,0,6,0,0
2008,12,25,4,951,945,1235,1240,CO,1751,N47414,284,295,262,-5,6,SJU,IAH,2007,10,12,0,,0,,,,,
2008,12,20,6,1333,1225,1914,1815,CO,629,N17620,221,230,176,59,68,DEN,EWR,1605,23,22,0,,0,0,0,59,0,0
2008,12,5,5,600,600,723,723,DL,1699,N670DN,83,83,61,0,0,RDU,ATL,356,6,16,0,,0,,,,,
